239
             -1.0000000000187022               0.2172713599620311
             -1.0000000000187024               0.3874122508648090
              1.0000000004169141              -0.4060546128870414
              1.0000000003833440              -0.4060546128593208
             -1.0000000000122560              -0.6395137153353364
             -1.0000000000194358               1.0000000004499263
             -1.0000000000194358               0.8178086555407942
             -1.0000000000154896               0.8178086555368544
             -0.3433900752959311              -1.0000000000145401
              1.0000000003734257              -1.0000000000143003
              0.3803798541757715              -0.6100405333805075
              0.8243020201657270              -0.5426662959558983
              0.8991206343082350              -0.6037801952341071
              0.4812404878837506              -0.6346992442350522
              0.6924778903693398              -0.6331730994773554
              0.6907181120976549              -0.6513038976280761
              0.8422761299996395              -1.0000000000143001
              1.0000000003734257              -0.8124536280200377
              1.0000000002952771              -0.8124536279714496
              1.0000000004169141              -0.5916224959089701
              1.0000000002952771              -0.5916224959948013
              0.8138119906844412              -0.4729814191168843
              0.8690720378749037              -0.4015193198561461
             -1.0000000000122560              -0.4320585623795552
             -1.0000000000120797              -0.4320585623794300
             -0.7507934161417809              -0.1184708884264165
             -0.7091792428329672               0.0161732459737256
             -0.8385125585858719              -0.8175684705740077
             -0.7632634563426708              -0.9065686264147127
             -1.0000000000191787              -1.0000000000135161
             -1.0000000000138602              -0.6395137153365629
             -1.0000000000191787              -0.8458112978047259
             -1.0000000000138602              -0.8458112977989477
             -0.8838304218587459              -0.6340579648140138
             -0.8100631803750576              -0.7118996877992405
             -0.6172399117546845              -0.8118275096960087
             -0.5408710752447980              -0.8720527974351612
              0.0147299335754312              -1.0000000000141112
             -0.3433900752947818              -1.0000000000156619
             -0.1769453935015342              -1.0000000000156619
              0.3073809241066410              -0.7019185706136684
              0.3683287445488093              -0.8104665033435886
             -0.0574268149387898              -0.7171805538877296
              0.0147299335743929              -1.0000000000129381
              0.0102098397679207              -0.8822591692274322
             -0.1769453934989406              -1.0000000000129381
             -0.1640435233163615              -0.8577343911779620
             -0.0765380546996528              -0.8193759468177535
              0.4243617374168034              -0.8081309392347037
              0.5049337311276765              -0.6841350501065839
              0.5923506985235616              -0.7163793630866685
              0.9353894544951940              -0.8077590048798610
              0.8529493531575356              -0.7146689481083526
              0.7660176224642834              -0.7297861297740172
              0.6874300068707453              -0.4400054326695738
              0.6571613561329328              -0.3396721937363036
              0.5398733958204953              -0.3456316153804557
              0.4921854641118570              -0.4455337712745652
              0.6221157361167187              -0.5274318290606734
              0.5496624199187909              -0.5245597302789390
              0.8247407345039839              -0.3032281386177090
              0.6851449666694929              -0.2994684606272358
              1.0000000003833440              -0.2104961331178474
              0.4252583032281736              -0.0000000000397887
             -0.3159253050733105              -0.1712214047585853
             -0.2315466026683244              -0.2727280617540078
             -1.0000000000154896               0.5967386847222627
             -1.0000000000161320               0.5967386847216749
             -1.0000000000161320               0.3874122508674824
             -0.8265274132010951               0.4007259612646563
             -0.7714979814858762               0.2444245443315094
             -0.7611437316219695               0.3070081993133560
             -0.7493210158057981               1.0000000004499259
             -0.7493210157655632               1.0000000003825740
             -1.0000000000120797              -0.2273954238236364
             -0.6885133863929993              -0.1797344624890581
             -0.8226153612057122               0.0747053377982458
             -1.0000000000130302               0.2172713599563789
             -0.8333827217805545               0.1875941200703599
             -1.0000000000130302              -0.0037850792343989
             -0.7653554870749173              -1.0000000000135161
             -0.7653554870743324              -1.0000000000126015
             -0.5337145337462412              -1.0000000000145401
             -0.5337145337477593              -1.0000000000126015
             -0.8239330427667590              -0.5111787561558291
             -0.7230729809704208              -0.5092699587566458
             -0.8896690353772430              -0.4314909037521161
             -0.8234216396800247              -0.3178181130263662
             -0.7383361495502567              -0.3142154849943275
             -0.6832643586777525              -0.3718835191566477
             -0.6859110392506397              -0.5490729030304351
             -0.7101229072346584              -0.6854844922843981
             -0.6250844576069133              -0.7473173772031075
             -0.3499417501789203              -0.8278338977511666
             -0.4032437778938106              -0.8009176079321703
             -0.2585412393602190              -0.7941867187270192
              0.1728507444682623              -1.0000000000141109
              0.3483766930920869              -1.0000000000149525
              0.2381615287913654              -0.6941769441879266
              0.0479052137973763              -0.6935758421361919
              0.1390103152907332              -0.8018677415688499
              0.1410907146119713              -0.8022166852125973
              0.5025999216608290              -0.8759388719475375
              0.6097230516166567              -0.8320522603432471
              0.6659288671951964              -0.1894510864842617
              0.4709118041577480              -0.2506379542122557
             -0.0672949845837868               0.0511400857105457
             -0.1961524588161706               0.1023606876379355
             -0.2495919190540469              -0.0710451775722556
             -0.2700635211884701              -0.0082161139309477
             -0.6458732357522816               0.0409712386700387
             -0.6094282318787643               0.1381678267872701
             -0.4116852960933027               0.0318908594790617
             -0.8335693257148997               0.5998317758947882
             -0.7839794712852222               0.5158651429214276
             -0.8993670714247979              -0.2241098021504052
             -1.0000000000109384              -0.2273954238228849
             -0.8337774052169886              -0.1267081100106742
             -0.9208419157231861              -0.0081545880607675
             -1.0000000000109384              -0.0037850792357219
             -0.5811538624823608              -0.3643733704654760
             -0.6024110371100890              -0.1728928567040775
             -0.4717829099251930              -0.0532131804214611
             -0.5406463566687127              -0.0637669816761767
             -0.3854861008968274              -0.1789297221716333
             -0.4431822008971609              -0.2618459533236475
             -0.5276474420226573              -0.2697256185549658
              0.3282314917454734              -0.8611087040167826
              0.3483766930882950              -1.0000000000111910
              0.1883375141509458              -0.8606461066352509
              0.1728507444710741              -1.0000000000111910
              0.4911872428464512              -1.0000000000149525
              0.4911872428489634              -1.0000000000123563
              0.6637602523059161              -1.0000000000123563
              0.7387705943775440              -0.8335097560561544
              0.6656929685611459              -0.8638805765862662
              0.6637602523062613              -1.0000000000119666
              0.8422761299975958              -1.0000000000119669
              0.8340513606455904              -0.8942936393158906
              0.4252583032380546              -0.0000000000487994
              0.5640346459535479              -0.0000000000487994
              0.5708946318635482              -0.1556471034023306
              0.4767017410542647              -0.2080696471629001
              0.4094704238366653              -0.1415461433190038
              0.5640346459576955              -0.0000000000453029
              0.7257607489121765              -0.1359253948239635
              0.7104089037003898              -0.0000000000453029
              0.3334654049986774              -0.3320319557586056
             -0.0000000000584756               1.0000000004463887
             -0.2372015892246322               1.0000000004463887
             -0.5673338389158817               0.1618483064472109
             -0.4252124259072225               0.0970633573057127
             -0.6005945521851352               0.8044452246584559
             -0.6203813933440582               0.7077010453715493
             -0.7459272257873621               0.9297792570970316
             -0.8390050862681006               0.7996482315934947
             -0.7892346236198189               0.6971252615023036
             -0.5612809442265465              -0.5463342973065350
             -0.5129330691147989              -0.4691753089281738
             -0.5138241169669704              -0.6548801410423102
             -0.4396908346914354              -0.6757401232588851
              0.8887569530501147              -0.0000000000362874
              0.7104089037096046              -0.0000000000362874
              0.8766836833611125              -0.2052128235629218
              0.8438466682545227              -0.1579645778344131
              1.0000000003405245              -0.2104961330868342
              1.0000000003405245              -0.0000000000568251
              0.8887569530765873              -0.0000000000568251
              0.1799449612565418              -0.5872745672452577
              0.0331818115289180              -0.5319943457496595
              0.0857825056769932              -0.5931302411225791
             -0.1329634548395451              -0.2487010596992385
             -0.0762174756862823              -0.0803219267219629
             -0.1194308913069829              -0.1085251577911439
              0.2616378462603632              -0.1636685227774464
              0.1170852476721633              -0.0000000000379805
              0.2653638821339552              -0.0000000000397888
              0.2653638821321846              -0.0000000000379805
             -0.0000000000584757               0.8200451026194286
             -0.1532400913227919               0.8043844027158291
             -0.2406551618306199               0.9111751812798974
             -0.2372015892573787               1.0000000003958416
             -0.3866518379734754               0.8008321451484588
             -0.4887695103771448               0.8746366402210917
             -0.4873717546713671               1.0000000003825740
             -0.4873717546626880               1.0000000003958416
             -0.0000000000488839               0.4401204931030349
             -0.3492403863083393               0.1923410664120824
             -0.2136616654498552               0.1596120744266747
             -0.1581434361703118               0.2518517431485683
             -0.3390224439538649              -0.5881994626115461
             -0.2732242375472332              -0.3679904533932222
             -0.3703783764869125              -0.3778769771026353
             -0.4240918253252154              -0.4607473657935228
              0.2288620938561716              -0.5202044666261384
              0.2062996664600205              -0.4309558504142896
              0.3504362559429020              -0.5394081062820930
              0.4025721602888526              -0.4490888581875162
              0.3315548999939937              -0.3472132276916372
              0.0494288772462801              -0.4358339141036587
              0.1327018256480166              -0.3899761203017585
             -0.0600948534198035              -0.3635076711568827
             -0.0657719873315959              -0.2976465040427507
             -0.0000000000475655               0.8200451026085918
             -0.0000000000475655               0.6085814442437827
             -0.0000000000550406               0.4401204931097795
             -0.0000000000550406               0.6085814442358850
             -0.0000000000499898               0.0935716950597723
              0.0000000000000000               0.0000000000000000
             -0.0000000000499898               0.2500552462684669
             -0.0000000000488839               0.2500552462695900
             -0.6296309896548740               0.5173677285867235
             -0.5886851356445923               0.6582713997616758
             -0.2294069136362963              -0.6733353786406708
             -0.3093692060086523              -0.5901541618730098
             -0.1180955942799932              -0.6514086565371455
             -0.0909745114753429              -0.5575879014378400
             -0.1597808604768042              -0.4643033372569899
             -0.2023467589461515              -0.4593630689049777
              0.1311974073670070              -0.2959046826527397
              0.2505987644394150              -0.2239607779124787
              0.2574721052028723              -0.1683852422354075
              0.0468984709900171              -0.2326677940256300
              0.0529824000965817              -0.1283004525927465
              0.0847626080217727              -0.1059893730851335
             -0.3853710573595619               0.3092688239812120
             -0.5372953555947619               0.2798703209183764
             -0.6044407193200317               0.3650138623932138
             -0.5864282053774128               0.4540230300404147
             -0.3712674210088425               0.3362015849590305
             -0.2085463555108173               0.3641162937760136
             -0.1792064629943952               0.4284898488246374
             -0.4162860596118554               0.4782124072243443
             -0.3929123853380448               0.5211251000421560
             -0.3738388371079868               0.7215580765995147
             -0.4294128483778170               0.6437933471227588
             -0.2242548895505702               0.5309761824288446
             -0.2075447452316200               0.6784315754122685
             -0.1837817630482453               0.6227272649306976
100
188 189 190 231 230 226 
77 27 111 112 71 79 
215 214 216 217 218 219 
198 58 57 106 148 199 
42 49 50 14 11 41 
69 70 115 114 67 68 
118 26 27 77 119 
151 152 188 226 227 
113 110 108 189 188 152 
170 171 169 195 196 201 200 
84 83 9 94 95 37 
30 81 82 29 28 33 32 
44 38 97 131 130 102 101 45 
57 56 62 105 142 143 106 
66 172 174 109 65 
116 88 89 76 26 118 
212 229 233 234 236 213 
71 112 151 227 228 72 
230 231 232 237 234 233 
184 183 181 182 186 185 
96 47 48 43 216 214 
16 54 53 13 12 15 
138 17 10 18 19 52 139 
153 184 185 74 155 
225 222 175 177 178 176 
125 65 109 110 113 123 
80 120 119 77 79 78 
159 194 193 126 127 121 
28 29 36 93 92 35 
55 22 23 61 62 56 
9 39 40 46 47 96 94 
195 197 198 199 196 
117 116 118 119 120 
193 192 66 65 125 126 
25 87 88 116 117 75 
190 210 211 187 206 232 231 
232 206 207 239 237 
172 203 223 224 173 174 
133 134 137 136 104 103 
191 215 219 192 193 194 
142 105 146 147 145 141 
217 170 200 202 218 
33 28 35 34 5 31 
157 154 153 155 156 
144 143 142 141 140 
238 239 207 205 204 179 180 
89 90 121 127 122 76 
234 237 239 238 235 236 
223 220 221 222 225 224 
114 115 212 213 154 157 
122 127 126 125 123 124 
12 13 21 20 3 4 23 22 
154 213 236 235 183 184 153 
86 91 158 159 121 90 
228 227 226 230 233 229 
26 76 122 124 111 27 
216 43 100 171 170 217 
235 238 180 181 183 
53 52 19 21 13 
92 93 160 158 91 
221 148 106 143 144 175 222 
70 72 228 229 212 115 
67 114 157 156 8 
192 219 218 202 203 172 66 
108 107 208 210 190 189 
129 98 132 133 103 49 42 128 
49 103 104 51 50 
95 94 96 214 215 191 161 
109 174 173 107 108 110 
59 15 12 22 55 
146 165 168 162 163 147 
36 37 95 161 160 93 
131 129 128 130 
62 61 164 165 146 105 
175 144 140 64 177 
46 44 45 48 47 
14 50 51 16 15 59 60 
61 23 4 63 166 164 
7 8 156 155 74 73 6 
135 139 52 53 54 
181 180 179 149 150 182 
58 60 59 55 56 57 
111 124 123 113 152 151 112 
173 224 225 176 209 208 107 
137 138 139 135 136 
197 11 14 60 58 198 
201 196 199 148 221 220 
82 84 37 36 29 
87 85 86 90 89 88 
101 102 99 169 171 100 
99 41 11 197 195 169 
165 164 166 167 168 
48 45 101 100 43 
1 78 79 71 72 70 69 2 
34 35 92 91 86 85 
202 200 201 220 223 203 
104 136 135 54 16 51 
160 161 191 194 159 158 
102 130 128 42 41 99 
5 34 85 87 25 24 
78
1
2
3
4
5
6
7
8
9
10
17
18
19
20
21
24
25
30
31
32
33
38
39
40
44
46
63
64
67
68
69
73
74
75
78
80
81
82
83
84
97
98
117
120
129
131
132
133
134
137
138
140
141
145
147
149
150
162
163
166
167
168
176
177
178
179
182
185
186
187
204
205
206
207
208
209
210
211
