1281
              0.0000000000000000               0.0000000000000000
              0.0500000000000000               0.0000000000000000
              0.1000000000000000               0.0000000000000000
              0.1500000000000000               0.0000000000000000
              0.2000000000000000               0.0000000000000000
              0.2500000000000000               0.0000000000000000
              0.3000000000000000               0.0000000000000000
              0.3500000000000000               0.0000000000000000
              0.4000000000000000               0.0000000000000000
              0.4500000000000000               0.0000000000000000
              0.5000000000000000               0.0000000000000000
              0.5500000000000000               0.0000000000000000
              0.6000000000000000               0.0000000000000000
              0.6500000000000000               0.0000000000000000
              0.7000000000000000               0.0000000000000000
              0.7500000000000000               0.0000000000000000
              0.8000000000000000               0.0000000000000000
              0.8500000000000000               0.0000000000000000
              0.9000000000000000               0.0000000000000000
              0.9500000000000000               0.0000000000000000
              1.0000000000000000               0.0000000000000000
              0.0000000000000000               0.0500000000000000
              0.0500000000000000               0.0500000000000000
              0.1000000000000000               0.0500000000000000
              0.1500000000000000               0.0500000000000000
              0.2000000000000000               0.0500000000000000
              0.2500000000000000               0.0500000000000000
              0.3000000000000000               0.0500000000000000
              0.3500000000000000               0.0500000000000000
              0.4000000000000000               0.0500000000000000
              0.4500000000000000               0.0500000000000000
              0.5000000000000000               0.0500000000000000
              0.5500000000000000               0.0500000000000000
              0.6000000000000000               0.0500000000000000
              0.6500000000000000               0.0500000000000000
              0.7000000000000000               0.0500000000000000
              0.7500000000000000               0.0500000000000000
              0.8000000000000000               0.0500000000000000
              0.8500000000000000               0.0500000000000000
              0.9000000000000000               0.0500000000000000
              0.9500000000000000               0.0500000000000000
              1.0000000000000000               0.0500000000000000
              0.0000000000000000               0.1000000000000000
              0.0500000000000000               0.1000000000000000
              0.1000000000000000               0.1000000000000000
              0.1500000000000000               0.1000000000000000
              0.2000000000000000               0.1000000000000000
              0.2500000000000000               0.1000000000000000
              0.3000000000000000               0.1000000000000000
              0.3500000000000000               0.1000000000000000
              0.4000000000000000               0.1000000000000000
              0.4500000000000000               0.1000000000000000
              0.5000000000000000               0.1000000000000000
              0.5500000000000000               0.1000000000000000
              0.6000000000000000               0.1000000000000000
              0.6500000000000000               0.1000000000000000
              0.7000000000000000               0.1000000000000000
              0.7500000000000000               0.1000000000000000
              0.8000000000000000               0.1000000000000000
              0.8500000000000000               0.1000000000000000
              0.9000000000000000               0.1000000000000000
              0.9500000000000000               0.1000000000000000
              1.0000000000000000               0.1000000000000000
              0.0000000000000000               0.1500000000000000
              0.0500000000000000               0.1500000000000000
              0.1000000000000000               0.1500000000000000
              0.1500000000000000               0.1500000000000000
              0.2000000000000000               0.1500000000000000
              0.2500000000000000               0.1500000000000000
              0.3000000000000000               0.1500000000000000
              0.3500000000000000               0.1500000000000000
              0.4000000000000000               0.1500000000000000
              0.4500000000000000               0.1500000000000000
              0.5000000000000000               0.1500000000000000
              0.5500000000000000               0.1500000000000000
              0.6000000000000000               0.1500000000000000
              0.6500000000000000               0.1500000000000000
              0.7000000000000000               0.1500000000000000
              0.7500000000000000               0.1500000000000000
              0.8000000000000000               0.1500000000000000
              0.8500000000000000               0.1500000000000000
              0.9000000000000000               0.1500000000000000
              0.9500000000000000               0.1500000000000000
              1.0000000000000000               0.1500000000000000
              0.0000000000000000               0.2000000000000000
              0.0500000000000000               0.2000000000000000
              0.1000000000000000               0.2000000000000000
              0.1500000000000000               0.2000000000000000
              0.2000000000000000               0.2000000000000000
              0.2500000000000000               0.2000000000000000
              0.3000000000000000               0.2000000000000000
              0.3500000000000000               0.2000000000000000
              0.4000000000000000               0.2000000000000000
              0.4500000000000000               0.2000000000000000
              0.5000000000000000               0.2000000000000000
              0.5500000000000000               0.2000000000000000
              0.6000000000000000               0.2000000000000000
              0.6500000000000000               0.2000000000000000
              0.7000000000000000               0.2000000000000000
              0.7500000000000000               0.2000000000000000
              0.8000000000000000               0.2000000000000000
              0.8500000000000000               0.2000000000000000
              0.9000000000000000               0.2000000000000000
              0.9500000000000000               0.2000000000000000
              1.0000000000000000               0.2000000000000000
              0.0000000000000000               0.2500000000000000
              0.0500000000000000               0.2500000000000000
              0.1000000000000000               0.2500000000000000
              0.1500000000000000               0.2500000000000000
              0.2000000000000000               0.2500000000000000
              0.2500000000000000               0.2500000000000000
              0.3000000000000000               0.2500000000000000
              0.3500000000000000               0.2500000000000000
              0.4000000000000000               0.2500000000000000
              0.4500000000000000               0.2500000000000000
              0.5000000000000000               0.2500000000000000
              0.5500000000000000               0.2500000000000000
              0.6000000000000000               0.2500000000000000
              0.6500000000000000               0.2500000000000000
              0.7000000000000000               0.2500000000000000
              0.7500000000000000               0.2500000000000000
              0.8000000000000000               0.2500000000000000
              0.8500000000000000               0.2500000000000000
              0.9000000000000000               0.2500000000000000
              0.9500000000000000               0.2500000000000000
              1.0000000000000000               0.2500000000000000
              0.0000000000000000               0.3000000000000000
              0.0500000000000000               0.3000000000000000
              0.1000000000000000               0.3000000000000000
              0.1500000000000000               0.3000000000000000
              0.2000000000000000               0.3000000000000000
              0.2500000000000000               0.3000000000000000
              0.3000000000000000               0.3000000000000000
              0.3500000000000000               0.3000000000000000
              0.4000000000000000               0.3000000000000000
              0.4500000000000000               0.3000000000000000
              0.5000000000000000               0.3000000000000000
              0.5500000000000000               0.3000000000000000
              0.6000000000000000               0.3000000000000000
              0.6500000000000000               0.3000000000000000
              0.7000000000000000               0.3000000000000000
              0.7500000000000000               0.3000000000000000
              0.8000000000000000               0.3000000000000000
              0.8500000000000000               0.3000000000000000
              0.9000000000000000               0.3000000000000000
              0.9500000000000000               0.3000000000000000
              1.0000000000000000               0.3000000000000000
              0.0000000000000000               0.3500000000000000
              0.0500000000000000               0.3500000000000000
              0.1000000000000000               0.3500000000000000
              0.1500000000000000               0.3500000000000000
              0.2000000000000000               0.3500000000000000
              0.2500000000000000               0.3500000000000000
              0.3000000000000000               0.3500000000000000
              0.3500000000000000               0.3500000000000000
              0.4000000000000000               0.3500000000000000
              0.4500000000000000               0.3500000000000000
              0.5000000000000000               0.3500000000000000
              0.5500000000000000               0.3500000000000000
              0.6000000000000000               0.3500000000000000
              0.6500000000000000               0.3500000000000000
              0.7000000000000000               0.3500000000000000
              0.7500000000000000               0.3500000000000000
              0.8000000000000000               0.3500000000000000
              0.8500000000000000               0.3500000000000000
              0.9000000000000000               0.3500000000000000
              0.9500000000000000               0.3500000000000000
              1.0000000000000000               0.3500000000000000
              0.0000000000000000               0.4000000000000000
              0.0500000000000000               0.4000000000000000
              0.1000000000000000               0.4000000000000000
              0.1500000000000000               0.4000000000000000
              0.2000000000000000               0.4000000000000000
              0.2500000000000000               0.4000000000000000
              0.3000000000000000               0.4000000000000000
              0.3500000000000000               0.4000000000000000
              0.4000000000000000               0.4000000000000000
              0.4500000000000000               0.4000000000000000
              0.5000000000000000               0.4000000000000000
              0.5500000000000000               0.4000000000000000
              0.6000000000000000               0.4000000000000000
              0.6500000000000000               0.4000000000000000
              0.7000000000000000               0.4000000000000000
              0.7500000000000000               0.4000000000000000
              0.8000000000000000               0.4000000000000000
              0.8500000000000000               0.4000000000000000
              0.9000000000000000               0.4000000000000000
              0.9500000000000000               0.4000000000000000
              1.0000000000000000               0.4000000000000000
              0.0000000000000000               0.4500000000000000
              0.0500000000000000               0.4500000000000000
              0.1000000000000000               0.4500000000000000
              0.1500000000000000               0.4500000000000000
              0.2000000000000000               0.4500000000000000
              0.2500000000000000               0.4500000000000000
              0.3000000000000000               0.4500000000000000
              0.3500000000000000               0.4500000000000000
              0.4000000000000000               0.4500000000000000
              0.4500000000000000               0.4500000000000000
              0.5000000000000000               0.4500000000000000
              0.5500000000000000               0.4500000000000000
              0.6000000000000000               0.4500000000000000
              0.6500000000000000               0.4500000000000000
              0.7000000000000000               0.4500000000000000
              0.7500000000000000               0.4500000000000000
              0.8000000000000000               0.4500000000000000
              0.8500000000000000               0.4500000000000000
              0.9000000000000000               0.4500000000000000
              0.9500000000000000               0.4500000000000000
              1.0000000000000000               0.4500000000000000
              0.0000000000000000               0.5000000000000000
              0.0500000000000000               0.5000000000000000
              0.1000000000000000               0.5000000000000000
              0.1500000000000000               0.5000000000000000
              0.2000000000000000               0.5000000000000000
              0.2500000000000000               0.5000000000000000
              0.3000000000000000               0.5000000000000000
              0.3500000000000000               0.5000000000000000
              0.4000000000000000               0.5000000000000000
              0.4500000000000000               0.5000000000000000
              0.5000000000000000               0.5000000000000000
              0.5500000000000000               0.5000000000000000
              0.6000000000000000               0.5000000000000000
              0.6500000000000000               0.5000000000000000
              0.7000000000000000               0.5000000000000000
              0.7500000000000000               0.5000000000000000
              0.8000000000000000               0.5000000000000000
              0.8500000000000000               0.5000000000000000
              0.9000000000000000               0.5000000000000000
              0.9500000000000000               0.5000000000000000
              1.0000000000000000               0.5000000000000000
              0.0000000000000000               0.5500000000000000
              0.0500000000000000               0.5500000000000000
              0.1000000000000000               0.5500000000000000
              0.1500000000000000               0.5500000000000000
              0.2000000000000000               0.5500000000000000
              0.2500000000000000               0.5500000000000000
              0.3000000000000000               0.5500000000000000
              0.3500000000000000               0.5500000000000000
              0.4000000000000000               0.5500000000000000
              0.4500000000000000               0.5500000000000000
              0.5000000000000000               0.5500000000000000
              0.5500000000000000               0.5500000000000000
              0.6000000000000000               0.5500000000000000
              0.6500000000000000               0.5500000000000000
              0.7000000000000000               0.5500000000000000
              0.7500000000000000               0.5500000000000000
              0.8000000000000000               0.5500000000000000
              0.8500000000000000               0.5500000000000000
              0.9000000000000000               0.5500000000000000
              0.9500000000000000               0.5500000000000000
              1.0000000000000000               0.5500000000000000
              0.0000000000000000               0.6000000000000000
              0.0500000000000000               0.6000000000000000
              0.1000000000000000               0.6000000000000000
              0.1500000000000000               0.6000000000000000
              0.2000000000000000               0.6000000000000000
              0.2500000000000000               0.6000000000000000
              0.3000000000000000               0.6000000000000000
              0.3500000000000000               0.6000000000000000
              0.4000000000000000               0.6000000000000000
              0.4500000000000000               0.6000000000000000
              0.5000000000000000               0.6000000000000000
              0.5500000000000000               0.6000000000000000
              0.6000000000000000               0.6000000000000000
              0.6500000000000000               0.6000000000000000
              0.7000000000000000               0.6000000000000000
              0.7500000000000000               0.6000000000000000
              0.8000000000000000               0.6000000000000000
              0.8500000000000000               0.6000000000000000
              0.9000000000000000               0.6000000000000000
              0.9500000000000000               0.6000000000000000
              1.0000000000000000               0.6000000000000000
              0.0000000000000000               0.6500000000000000
              0.0500000000000000               0.6500000000000000
              0.1000000000000000               0.6500000000000000
              0.1500000000000000               0.6500000000000000
              0.2000000000000000               0.6500000000000000
              0.2500000000000000               0.6500000000000000
              0.3000000000000000               0.6500000000000000
              0.3500000000000000               0.6500000000000000
              0.4000000000000000               0.6500000000000000
              0.4500000000000000               0.6500000000000000
              0.5000000000000000               0.6500000000000000
              0.5500000000000000               0.6500000000000000
              0.6000000000000000               0.6500000000000000
              0.6500000000000000               0.6500000000000000
              0.7000000000000000               0.6500000000000000
              0.7500000000000000               0.6500000000000000
              0.8000000000000000               0.6500000000000000
              0.8500000000000000               0.6500000000000000
              0.9000000000000000               0.6500000000000000
              0.9500000000000000               0.6500000000000000
              1.0000000000000000               0.6500000000000000
              0.0000000000000000               0.7000000000000000
              0.0500000000000000               0.7000000000000000
              0.1000000000000000               0.7000000000000000
              0.1500000000000000               0.7000000000000000
              0.2000000000000000               0.7000000000000000
              0.2500000000000000               0.7000000000000000
              0.3000000000000000               0.7000000000000000
              0.3500000000000000               0.7000000000000000
              0.4000000000000000               0.7000000000000000
              0.4500000000000000               0.7000000000000000
              0.5000000000000000               0.7000000000000000
              0.5500000000000000               0.7000000000000000
              0.6000000000000000               0.7000000000000000
              0.6500000000000000               0.7000000000000000
              0.7000000000000000               0.7000000000000000
              0.7500000000000000               0.7000000000000000
              0.8000000000000000               0.7000000000000000
              0.8500000000000000               0.7000000000000000
              0.9000000000000000               0.7000000000000000
              0.9500000000000000               0.7000000000000000
              1.0000000000000000               0.7000000000000000
              0.0000000000000000               0.7500000000000000
              0.0500000000000000               0.7500000000000000
              0.1000000000000000               0.7500000000000000
              0.1500000000000000               0.7500000000000000
              0.2000000000000000               0.7500000000000000
              0.2500000000000000               0.7500000000000000
              0.3000000000000000               0.7500000000000000
              0.3500000000000000               0.7500000000000000
              0.4000000000000000               0.7500000000000000
              0.4500000000000000               0.7500000000000000
              0.5000000000000000               0.7500000000000000
              0.5500000000000000               0.7500000000000000
              0.6000000000000000               0.7500000000000000
              0.6500000000000000               0.7500000000000000
              0.7000000000000000               0.7500000000000000
              0.7500000000000000               0.7500000000000000
              0.8000000000000000               0.7500000000000000
              0.8500000000000000               0.7500000000000000
              0.9000000000000000               0.7500000000000000
              0.9500000000000000               0.7500000000000000
              1.0000000000000000               0.7500000000000000
              0.0000000000000000               0.8000000000000000
              0.0500000000000000               0.8000000000000000
              0.1000000000000000               0.8000000000000000
              0.1500000000000000               0.8000000000000000
              0.2000000000000000               0.8000000000000000
              0.2500000000000000               0.8000000000000000
              0.3000000000000000               0.8000000000000000
              0.3500000000000000               0.8000000000000000
              0.4000000000000000               0.8000000000000000
              0.4500000000000000               0.8000000000000000
              0.5000000000000000               0.8000000000000000
              0.5500000000000000               0.8000000000000000
              0.6000000000000000               0.8000000000000000
              0.6500000000000000               0.8000000000000000
              0.7000000000000000               0.8000000000000000
              0.7500000000000000               0.8000000000000000
              0.8000000000000000               0.8000000000000000
              0.8500000000000000               0.8000000000000000
              0.9000000000000000               0.8000000000000000
              0.9500000000000000               0.8000000000000000
              1.0000000000000000               0.8000000000000000
              0.0000000000000000               0.8500000000000000
              0.0500000000000000               0.8500000000000000
              0.1000000000000000               0.8500000000000000
              0.1500000000000000               0.8500000000000000
              0.2000000000000000               0.8500000000000000
              0.2500000000000000               0.8500000000000000
              0.3000000000000000               0.8500000000000000
              0.3500000000000000               0.8500000000000000
              0.4000000000000000               0.8500000000000000
              0.4500000000000000               0.8500000000000000
              0.5000000000000000               0.8500000000000000
              0.5500000000000000               0.8500000000000000
              0.6000000000000000               0.8500000000000000
              0.6500000000000000               0.8500000000000000
              0.7000000000000000               0.8500000000000000
              0.7500000000000000               0.8500000000000000
              0.8000000000000000               0.8500000000000000
              0.8500000000000000               0.8500000000000000
              0.9000000000000000               0.8500000000000000
              0.9500000000000000               0.8500000000000000
              1.0000000000000000               0.8500000000000000
              0.0000000000000000               0.9000000000000000
              0.0500000000000000               0.9000000000000000
              0.1000000000000000               0.9000000000000000
              0.1500000000000000               0.9000000000000000
              0.2000000000000000               0.9000000000000000
              0.2500000000000000               0.9000000000000000
              0.3000000000000000               0.9000000000000000
              0.3500000000000000               0.9000000000000000
              0.4000000000000000               0.9000000000000000
              0.4500000000000000               0.9000000000000000
              0.5000000000000000               0.9000000000000000
              0.5500000000000000               0.9000000000000000
              0.6000000000000000               0.9000000000000000
              0.6500000000000000               0.9000000000000000
              0.7000000000000000               0.9000000000000000
              0.7500000000000000               0.9000000000000000
              0.8000000000000000               0.9000000000000000
              0.8500000000000000               0.9000000000000000
              0.9000000000000000               0.9000000000000000
              0.9500000000000000               0.9000000000000000
              1.0000000000000000               0.9000000000000000
              0.0000000000000000               0.9500000000000000
              0.0500000000000000               0.9500000000000000
              0.1000000000000000               0.9500000000000000
              0.1500000000000000               0.9500000000000000
              0.2000000000000000               0.9500000000000000
              0.2500000000000000               0.9500000000000000
              0.3000000000000000               0.9500000000000000
              0.3500000000000000               0.9500000000000000
              0.4000000000000000               0.9500000000000000
              0.4500000000000000               0.9500000000000000
              0.5000000000000000               0.9500000000000000
              0.5500000000000000               0.9500000000000000
              0.6000000000000000               0.9500000000000000
              0.6500000000000000               0.9500000000000000
              0.7000000000000000               0.9500000000000000
              0.7500000000000000               0.9500000000000000
              0.8000000000000000               0.9500000000000000
              0.8500000000000000               0.9500000000000000
              0.9000000000000000               0.9500000000000000
              0.9500000000000000               0.9500000000000000
              1.0000000000000000               0.9500000000000000
              0.0000000000000000               1.0000000000000000
              0.0500000000000000               1.0000000000000000
              0.1000000000000000               1.0000000000000000
              0.1500000000000000               1.0000000000000000
              0.2000000000000000               1.0000000000000000
              0.2500000000000000               1.0000000000000000
              0.3000000000000000               1.0000000000000000
              0.3500000000000000               1.0000000000000000
              0.4000000000000000               1.0000000000000000
              0.4500000000000000               1.0000000000000000
              0.5000000000000000               1.0000000000000000
              0.5500000000000000               1.0000000000000000
              0.6000000000000000               1.0000000000000000
              0.6500000000000000               1.0000000000000000
              0.7000000000000000               1.0000000000000000
              0.7500000000000000               1.0000000000000000
              0.8000000000000000               1.0000000000000000
              0.8500000000000000               1.0000000000000000
              0.9000000000000000               1.0000000000000000
              0.9500000000000000               1.0000000000000000
              1.0000000000000000               1.0000000000000000
              0.0250000000000000               0.0000000000000000
              0.0750000000000000               0.0000000000000000
              0.1250000000000000               0.0000000000000000
              0.1750000000000000               0.0000000000000000
              0.2250000000000000               0.0000000000000000
              0.2750000000000000               0.0000000000000000
              0.3250000000000000               0.0000000000000000
              0.3750000000000000               0.0000000000000000
              0.4250000000000000               0.0000000000000000
              0.4750000000000000               0.0000000000000000
              0.5250000000000000               0.0000000000000000
              0.5750000000000000               0.0000000000000000
              0.6250000000000000               0.0000000000000000
              0.6750000000000000               0.0000000000000000
              0.7250000000000000               0.0000000000000000
              0.7750000000000000               0.0000000000000000
              0.8250000000000000               0.0000000000000000
              0.8750000000000000               0.0000000000000000
              0.9250000000000000               0.0000000000000000
              0.9750000000000000               0.0000000000000000
              0.0375000000000000               0.0625000000000000
              0.0875000000000000               0.0625000000000000
              0.1375000000000000               0.0625000000000000
              0.1875000000000000               0.0625000000000000
              0.2375000000000000               0.0625000000000000
              0.2875000000000000               0.0625000000000000
              0.3375000000000000               0.0625000000000000
              0.3875000000000000               0.0625000000000000
              0.4375000000000000               0.0625000000000000
              0.4875000000000000               0.0625000000000000
              0.5375000000000000               0.0625000000000000
              0.5875000000000000               0.0625000000000000
              0.6375000000000000               0.0625000000000000
              0.6875000000000000               0.0625000000000000
              0.7375000000000000               0.0625000000000000
              0.7875000000000000               0.0625000000000000
              0.8375000000000000               0.0625000000000000
              0.8875000000000000               0.0625000000000000
              0.9375000000000000               0.0625000000000000
              0.9875000000000000               0.0625000000000000
              0.0375000000000000               0.1125000000000000
              0.0875000000000000               0.1125000000000000
              0.1375000000000000               0.1125000000000000
              0.1875000000000000               0.1125000000000000
              0.2375000000000000               0.1125000000000000
              0.2875000000000000               0.1125000000000000
              0.3375000000000000               0.1125000000000000
              0.3875000000000000               0.1125000000000000
              0.4375000000000000               0.1125000000000000
              0.4875000000000000               0.1125000000000000
              0.5375000000000000               0.1125000000000000
              0.5875000000000000               0.1125000000000000
              0.6375000000000000               0.1125000000000000
              0.6875000000000000               0.1125000000000000
              0.7375000000000000               0.1125000000000000
              0.7875000000000000               0.1125000000000000
              0.8375000000000000               0.1125000000000000
              0.8875000000000000               0.1125000000000000
              0.9375000000000000               0.1125000000000000
              0.9875000000000000               0.1125000000000000
              0.0375000000000000               0.1625000000000000
              0.0875000000000000               0.1625000000000000
              0.1375000000000000               0.1625000000000000
              0.1875000000000000               0.1625000000000000
              0.2375000000000000               0.1625000000000000
              0.2875000000000000               0.1625000000000000
              0.3375000000000000               0.1625000000000000
              0.3875000000000000               0.1625000000000000
              0.4375000000000000               0.1625000000000000
              0.4875000000000000               0.1625000000000000
              0.5375000000000000               0.1625000000000000
              0.5875000000000000               0.1625000000000000
              0.6375000000000000               0.1625000000000000
              0.6875000000000000               0.1625000000000000
              0.7375000000000000               0.1625000000000000
              0.7875000000000000               0.1625000000000000
              0.8375000000000000               0.1625000000000000
              0.8875000000000000               0.1625000000000000
              0.9375000000000000               0.1625000000000000
              0.9875000000000000               0.1625000000000000
              0.0375000000000000               0.2125000000000000
              0.0875000000000000               0.2125000000000000
              0.1375000000000000               0.2125000000000000
              0.1875000000000000               0.2125000000000000
              0.2375000000000000               0.2125000000000000
              0.2875000000000000               0.2125000000000000
              0.3375000000000000               0.2125000000000000
              0.3875000000000000               0.2125000000000000
              0.4375000000000000               0.2125000000000000
              0.4875000000000000               0.2125000000000000
              0.5375000000000000               0.2125000000000000
              0.5875000000000000               0.2125000000000000
              0.6375000000000000               0.2125000000000000
              0.6875000000000000               0.2125000000000000
              0.7375000000000000               0.2125000000000000
              0.7875000000000000               0.2125000000000000
              0.8375000000000000               0.2125000000000000
              0.8875000000000000               0.2125000000000000
              0.9375000000000000               0.2125000000000000
              0.9875000000000000               0.2125000000000000
              0.0375000000000000               0.2625000000000000
              0.0875000000000000               0.2625000000000000
              0.1375000000000000               0.2625000000000000
              0.1875000000000000               0.2625000000000000
              0.2375000000000000               0.2625000000000000
              0.2875000000000000               0.2625000000000000
              0.3375000000000000               0.2625000000000000
              0.3875000000000000               0.2625000000000000
              0.4375000000000000               0.2625000000000000
              0.4875000000000000               0.2625000000000000
              0.5375000000000000               0.2625000000000000
              0.5875000000000000               0.2625000000000000
              0.6375000000000000               0.2625000000000000
              0.6875000000000000               0.2625000000000000
              0.7375000000000000               0.2625000000000000
              0.7875000000000000               0.2625000000000000
              0.8375000000000000               0.2625000000000000
              0.8875000000000000               0.2625000000000000
              0.9375000000000000               0.2625000000000000
              0.9875000000000000               0.2625000000000000
              0.0375000000000000               0.3125000000000000
              0.0875000000000000               0.3125000000000000
              0.1375000000000000               0.3125000000000000
              0.1875000000000000               0.3125000000000000
              0.2375000000000000               0.3125000000000000
              0.2875000000000000               0.3125000000000000
              0.3375000000000000               0.3125000000000000
              0.3875000000000000               0.3125000000000000
              0.4375000000000000               0.3125000000000000
              0.4875000000000000               0.3125000000000000
              0.5375000000000000               0.3125000000000000
              0.5875000000000000               0.3125000000000000
              0.6375000000000000               0.3125000000000000
              0.6875000000000000               0.3125000000000000
              0.7375000000000000               0.3125000000000000
              0.7875000000000000               0.3125000000000000
              0.8375000000000000               0.3125000000000000
              0.8875000000000000               0.3125000000000000
              0.9375000000000000               0.3125000000000000
              0.9875000000000000               0.3125000000000000
              0.0375000000000000               0.3625000000000000
              0.0875000000000000               0.3625000000000000
              0.1375000000000000               0.3625000000000000
              0.1875000000000000               0.3625000000000000
              0.2375000000000000               0.3625000000000000
              0.2875000000000000               0.3625000000000000
              0.3375000000000000               0.3625000000000000
              0.3875000000000000               0.3625000000000000
              0.4375000000000000               0.3625000000000000
              0.4875000000000000               0.3625000000000000
              0.5375000000000000               0.3625000000000000
              0.5875000000000000               0.3625000000000000
              0.6375000000000000               0.3625000000000000
              0.6875000000000000               0.3625000000000000
              0.7375000000000000               0.3625000000000000
              0.7875000000000000               0.3625000000000000
              0.8375000000000000               0.3625000000000000
              0.8875000000000000               0.3625000000000000
              0.9375000000000000               0.3625000000000000
              0.9875000000000000               0.3625000000000000
              0.0375000000000000               0.4125000000000000
              0.0875000000000000               0.4125000000000000
              0.1375000000000000               0.4125000000000000
              0.1875000000000000               0.4125000000000000
              0.2375000000000000               0.4125000000000000
              0.2875000000000000               0.4125000000000000
              0.3375000000000000               0.4125000000000000
              0.3875000000000000               0.4125000000000000
              0.4375000000000000               0.4125000000000000
              0.4875000000000000               0.4125000000000000
              0.5375000000000000               0.4125000000000000
              0.5875000000000000               0.4125000000000000
              0.6375000000000000               0.4125000000000000
              0.6875000000000000               0.4125000000000000
              0.7375000000000000               0.4125000000000000
              0.7875000000000000               0.4125000000000000
              0.8375000000000000               0.4125000000000000
              0.8875000000000000               0.4125000000000000
              0.9375000000000000               0.4125000000000000
              0.9875000000000000               0.4125000000000000
              0.0375000000000000               0.4625000000000000
              0.0875000000000000               0.4625000000000000
              0.1375000000000000               0.4625000000000000
              0.1875000000000000               0.4625000000000000
              0.2375000000000000               0.4625000000000000
              0.2875000000000000               0.4625000000000000
              0.3375000000000000               0.4625000000000000
              0.3875000000000000               0.4625000000000000
              0.4375000000000000               0.4625000000000000
              0.4875000000000000               0.4625000000000000
              0.5375000000000000               0.4625000000000000
              0.5875000000000000               0.4625000000000000
              0.6375000000000000               0.4625000000000000
              0.6875000000000000               0.4625000000000000
              0.7375000000000000               0.4625000000000000
              0.7875000000000000               0.4625000000000000
              0.8375000000000000               0.4625000000000000
              0.8875000000000000               0.4625000000000000
              0.9375000000000000               0.4625000000000000
              0.9875000000000000               0.4625000000000000
              0.0375000000000000               0.5125000000000000
              0.0875000000000000               0.5125000000000000
              0.1375000000000000               0.5125000000000000
              0.1875000000000000               0.5125000000000000
              0.2375000000000000               0.5125000000000000
              0.2875000000000000               0.5125000000000000
              0.3375000000000000               0.5125000000000000
              0.3875000000000000               0.5125000000000000
              0.4375000000000000               0.5125000000000000
              0.4875000000000000               0.5125000000000000
              0.5375000000000000               0.5125000000000000
              0.5875000000000000               0.5125000000000000
              0.6375000000000000               0.5125000000000000
              0.6875000000000000               0.5125000000000000
              0.7375000000000000               0.5125000000000000
              0.7875000000000000               0.5125000000000000
              0.8375000000000000               0.5125000000000000
              0.8875000000000000               0.5125000000000000
              0.9375000000000000               0.5125000000000000
              0.9875000000000000               0.5125000000000000
              0.0375000000000000               0.5625000000000000
              0.0875000000000000               0.5625000000000000
              0.1375000000000000               0.5625000000000000
              0.1875000000000000               0.5625000000000000
              0.2375000000000000               0.5625000000000000
              0.2875000000000000               0.5625000000000000
              0.3375000000000000               0.5625000000000000
              0.3875000000000000               0.5625000000000000
              0.4375000000000000               0.5625000000000000
              0.4875000000000000               0.5625000000000000
              0.5375000000000000               0.5625000000000000
              0.5875000000000000               0.5625000000000000
              0.6375000000000000               0.5625000000000000
              0.6875000000000000               0.5625000000000000
              0.7375000000000000               0.5625000000000000
              0.7875000000000000               0.5625000000000000
              0.8375000000000000               0.5625000000000000
              0.8875000000000000               0.5625000000000000
              0.9375000000000000               0.5625000000000000
              0.9875000000000000               0.5625000000000000
              0.0375000000000000               0.6125000000000000
              0.0875000000000000               0.6125000000000000
              0.1375000000000000               0.6125000000000000
              0.1875000000000000               0.6125000000000000
              0.2375000000000000               0.6125000000000000
              0.2875000000000000               0.6125000000000000
              0.3375000000000000               0.6125000000000000
              0.3875000000000000               0.6125000000000000
              0.4375000000000000               0.6125000000000000
              0.4875000000000000               0.6125000000000000
              0.5375000000000000               0.6125000000000000
              0.5875000000000000               0.6125000000000000
              0.6375000000000000               0.6125000000000000
              0.6875000000000000               0.6125000000000000
              0.7375000000000000               0.6125000000000000
              0.7875000000000000               0.6125000000000000
              0.8375000000000000               0.6125000000000000
              0.8875000000000000               0.6125000000000000
              0.9375000000000000               0.6125000000000000
              0.9875000000000000               0.6125000000000000
              0.0375000000000000               0.6625000000000000
              0.0875000000000000               0.6625000000000000
              0.1375000000000000               0.6625000000000000
              0.1875000000000000               0.6625000000000000
              0.2375000000000000               0.6625000000000000
              0.2875000000000000               0.6625000000000000
              0.3375000000000000               0.6625000000000000
              0.3875000000000000               0.6625000000000000
              0.4375000000000000               0.6625000000000000
              0.4875000000000000               0.6625000000000000
              0.5375000000000000               0.6625000000000000
              0.5875000000000000               0.6625000000000000
              0.6375000000000000               0.6625000000000000
              0.6875000000000000               0.6625000000000000
              0.7375000000000000               0.6625000000000000
              0.7875000000000000               0.6625000000000000
              0.8375000000000000               0.6625000000000000
              0.8875000000000000               0.6625000000000000
              0.9375000000000000               0.6625000000000000
              0.9875000000000000               0.6625000000000000
              0.0375000000000000               0.7125000000000000
              0.0875000000000000               0.7125000000000000
              0.1375000000000000               0.7125000000000000
              0.1875000000000000               0.7125000000000000
              0.2375000000000000               0.7125000000000000
              0.2875000000000000               0.7125000000000000
              0.3375000000000000               0.7125000000000000
              0.3875000000000000               0.7125000000000000
              0.4375000000000000               0.7125000000000000
              0.4875000000000000               0.7125000000000000
              0.5375000000000000               0.7125000000000000
              0.5875000000000000               0.7125000000000000
              0.6375000000000000               0.7125000000000000
              0.6875000000000000               0.7125000000000000
              0.7375000000000000               0.7125000000000000
              0.7875000000000000               0.7125000000000000
              0.8375000000000000               0.7125000000000000
              0.8875000000000000               0.7125000000000000
              0.9375000000000000               0.7125000000000000
              0.9875000000000000               0.7125000000000000
              0.0375000000000000               0.7625000000000000
              0.0875000000000000               0.7625000000000000
              0.1375000000000000               0.7625000000000000
              0.1875000000000000               0.7625000000000000
              0.2375000000000000               0.7625000000000000
              0.2875000000000000               0.7625000000000000
              0.3375000000000000               0.7625000000000000
              0.3875000000000000               0.7625000000000000
              0.4375000000000000               0.7625000000000000
              0.4875000000000000               0.7625000000000000
              0.5375000000000000               0.7625000000000000
              0.5875000000000000               0.7625000000000000
              0.6375000000000000               0.7625000000000000
              0.6875000000000000               0.7625000000000000
              0.7375000000000000               0.7625000000000000
              0.7875000000000000               0.7625000000000000
              0.8375000000000000               0.7625000000000000
              0.8875000000000000               0.7625000000000000
              0.9375000000000000               0.7625000000000000
              0.9875000000000000               0.7625000000000000
              0.0375000000000000               0.8125000000000000
              0.0875000000000000               0.8125000000000000
              0.1375000000000000               0.8125000000000000
              0.1875000000000000               0.8125000000000000
              0.2375000000000000               0.8125000000000000
              0.2875000000000000               0.8125000000000000
              0.3375000000000000               0.8125000000000000
              0.3875000000000000               0.8125000000000000
              0.4375000000000000               0.8125000000000000
              0.4875000000000000               0.8125000000000000
              0.5375000000000000               0.8125000000000000
              0.5875000000000000               0.8125000000000000
              0.6375000000000000               0.8125000000000000
              0.6875000000000000               0.8125000000000000
              0.7375000000000000               0.8125000000000000
              0.7875000000000000               0.8125000000000000
              0.8375000000000000               0.8125000000000000
              0.8875000000000000               0.8125000000000000
              0.9375000000000000               0.8125000000000000
              0.9875000000000000               0.8125000000000000
              0.0375000000000000               0.8625000000000000
              0.0875000000000000               0.8625000000000000
              0.1375000000000000               0.8625000000000000
              0.1875000000000000               0.8625000000000000
              0.2375000000000000               0.8625000000000000
              0.2875000000000000               0.8625000000000000
              0.3375000000000000               0.8625000000000000
              0.3875000000000000               0.8625000000000000
              0.4375000000000000               0.8625000000000000
              0.4875000000000000               0.8625000000000000
              0.5375000000000000               0.8625000000000000
              0.5875000000000000               0.8625000000000000
              0.6375000000000000               0.8625000000000000
              0.6875000000000000               0.8625000000000000
              0.7375000000000000               0.8625000000000000
              0.7875000000000000               0.8625000000000000
              0.8375000000000000               0.8625000000000000
              0.8875000000000000               0.8625000000000000
              0.9375000000000000               0.8625000000000000
              0.9875000000000000               0.8625000000000000
              0.0375000000000000               0.9125000000000000
              0.0875000000000000               0.9125000000000000
              0.1375000000000000               0.9125000000000000
              0.1875000000000000               0.9125000000000000
              0.2375000000000000               0.9125000000000000
              0.2875000000000000               0.9125000000000000
              0.3375000000000000               0.9125000000000000
              0.3875000000000000               0.9125000000000000
              0.4375000000000000               0.9125000000000000
              0.4875000000000000               0.9125000000000000
              0.5375000000000000               0.9125000000000000
              0.5875000000000000               0.9125000000000000
              0.6375000000000000               0.9125000000000000
              0.6875000000000000               0.9125000000000000
              0.7375000000000000               0.9125000000000000
              0.7875000000000000               0.9125000000000000
              0.8375000000000000               0.9125000000000000
              0.8875000000000000               0.9125000000000000
              0.9375000000000000               0.9125000000000000
              0.9875000000000000               0.9125000000000000
              0.0375000000000000               0.9625000000000000
              0.0875000000000000               0.9625000000000000
              0.1375000000000000               0.9625000000000000
              0.1875000000000000               0.9625000000000000
              0.2375000000000000               0.9625000000000000
              0.2875000000000000               0.9625000000000000
              0.3375000000000000               0.9625000000000000
              0.3875000000000000               0.9625000000000000
              0.4375000000000000               0.9625000000000000
              0.4875000000000000               0.9625000000000000
              0.5375000000000000               0.9625000000000000
              0.5875000000000000               0.9625000000000000
              0.6375000000000000               0.9625000000000000
              0.6875000000000000               0.9625000000000000
              0.7375000000000000               0.9625000000000000
              0.7875000000000000               0.9625000000000000
              0.8375000000000000               0.9625000000000000
              0.8875000000000000               0.9625000000000000
              0.9375000000000000               0.9625000000000000
              0.9875000000000000               0.9625000000000000
              0.0250000000000000               1.0000000000000000
              0.0750000000000000               1.0000000000000000
              0.1250000000000000               1.0000000000000000
              0.1750000000000000               1.0000000000000000
              0.2250000000000000               1.0000000000000000
              0.2750000000000000               1.0000000000000000
              0.3250000000000000               1.0000000000000000
              0.3750000000000000               1.0000000000000000
              0.4250000000000000               1.0000000000000000
              0.4750000000000000               1.0000000000000000
              0.5250000000000000               1.0000000000000000
              0.5750000000000000               1.0000000000000000
              0.6250000000000000               1.0000000000000000
              0.6750000000000000               1.0000000000000000
              0.7250000000000000               1.0000000000000000
              0.7750000000000000               1.0000000000000000
              0.8250000000000000               1.0000000000000000
              0.8750000000000000               1.0000000000000000
              0.9250000000000000               1.0000000000000000
              0.9750000000000000               1.0000000000000000
              0.0000000000000000               0.0250000000000000
              0.0000000000000000               0.0750000000000000
              0.0000000000000000               0.1250000000000000
              0.0000000000000000               0.1750000000000000
              0.0000000000000000               0.2250000000000000
              0.0000000000000000               0.2750000000000000
              0.0000000000000000               0.3250000000000000
              0.0000000000000000               0.3750000000000000
              0.0000000000000000               0.4250000000000000
              0.0000000000000000               0.4750000000000000
              0.0000000000000000               0.5250000000000000
              0.0000000000000000               0.5750000000000000
              0.0000000000000000               0.6250000000000000
              0.0000000000000000               0.6750000000000000
              0.0000000000000000               0.7250000000000000
              0.0000000000000000               0.7750000000000000
              0.0000000000000000               0.8250000000000000
              0.0000000000000000               0.8750000000000000
              0.0000000000000000               0.9250000000000000
              0.0000000000000000               0.9750000000000000
              0.0625000000000000               0.0375000000000000
              0.0625000000000000               0.0875000000000000
              0.0625000000000000               0.1375000000000000
              0.0625000000000000               0.1875000000000000
              0.0625000000000000               0.2375000000000000
              0.0625000000000000               0.2875000000000000
              0.0625000000000000               0.3375000000000000
              0.0625000000000000               0.3875000000000000
              0.0625000000000000               0.4375000000000000
              0.0625000000000000               0.4875000000000000
              0.0625000000000000               0.5375000000000000
              0.0625000000000000               0.5875000000000000
              0.0625000000000000               0.6375000000000000
              0.0625000000000000               0.6875000000000000
              0.0625000000000000               0.7375000000000000
              0.0625000000000000               0.7875000000000000
              0.0625000000000000               0.8375000000000000
              0.0625000000000000               0.8875000000000000
              0.0625000000000000               0.9375000000000000
              0.0625000000000000               0.9875000000000000
              0.1125000000000000               0.0375000000000000
              0.1125000000000000               0.0875000000000000
              0.1125000000000000               0.1375000000000000
              0.1125000000000000               0.1875000000000000
              0.1125000000000000               0.2375000000000000
              0.1125000000000000               0.2875000000000000
              0.1125000000000000               0.3375000000000000
              0.1125000000000000               0.3875000000000000
              0.1125000000000000               0.4375000000000000
              0.1125000000000000               0.4875000000000000
              0.1125000000000000               0.5375000000000000
              0.1125000000000000               0.5875000000000000
              0.1125000000000000               0.6375000000000000
              0.1125000000000000               0.6875000000000000
              0.1125000000000000               0.7375000000000000
              0.1125000000000000               0.7875000000000000
              0.1125000000000000               0.8375000000000000
              0.1125000000000000               0.8875000000000000
              0.1125000000000000               0.9375000000000000
              0.1125000000000000               0.9875000000000000
              0.1625000000000000               0.0375000000000000
              0.1625000000000000               0.0875000000000000
              0.1625000000000000               0.1375000000000000
              0.1625000000000000               0.1875000000000000
              0.1625000000000000               0.2375000000000000
              0.1625000000000000               0.2875000000000000
              0.1625000000000000               0.3375000000000000
              0.1625000000000000               0.3875000000000000
              0.1625000000000000               0.4375000000000000
              0.1625000000000000               0.4875000000000000
              0.1625000000000000               0.5375000000000000
              0.1625000000000000               0.5875000000000000
              0.1625000000000000               0.6375000000000000
              0.1625000000000000               0.6875000000000000
              0.1625000000000000               0.7375000000000000
              0.1625000000000000               0.7875000000000000
              0.1625000000000000               0.8375000000000000
              0.1625000000000000               0.8875000000000000
              0.1625000000000000               0.9375000000000000
              0.1625000000000000               0.9875000000000000
              0.2125000000000000               0.0375000000000000
              0.2125000000000000               0.0875000000000000
              0.2125000000000000               0.1375000000000000
              0.2125000000000000               0.1875000000000000
              0.2125000000000000               0.2375000000000000
              0.2125000000000000               0.2875000000000000
              0.2125000000000000               0.3375000000000000
              0.2125000000000000               0.3875000000000000
              0.2125000000000000               0.4375000000000000
              0.2125000000000000               0.4875000000000000
              0.2125000000000000               0.5375000000000000
              0.2125000000000000               0.5875000000000000
              0.2125000000000000               0.6375000000000000
              0.2125000000000000               0.6875000000000000
              0.2125000000000000               0.7375000000000000
              0.2125000000000000               0.7875000000000000
              0.2125000000000000               0.8375000000000000
              0.2125000000000000               0.8875000000000000
              0.2125000000000000               0.9375000000000000
              0.2125000000000000               0.9875000000000000
              0.2625000000000000               0.0375000000000000
              0.2625000000000000               0.0875000000000000
              0.2625000000000000               0.1375000000000000
              0.2625000000000000               0.1875000000000000
              0.2625000000000000               0.2375000000000000
              0.2625000000000000               0.2875000000000000
              0.2625000000000000               0.3375000000000000
              0.2625000000000000               0.3875000000000000
              0.2625000000000000               0.4375000000000000
              0.2625000000000000               0.4875000000000000
              0.2625000000000000               0.5375000000000000
              0.2625000000000000               0.5875000000000000
              0.2625000000000000               0.6375000000000000
              0.2625000000000000               0.6875000000000000
              0.2625000000000000               0.7375000000000000
              0.2625000000000000               0.7875000000000000
              0.2625000000000000               0.8375000000000000
              0.2625000000000000               0.8875000000000000
              0.2625000000000000               0.9375000000000000
              0.2625000000000000               0.9875000000000000
              0.3125000000000000               0.0375000000000000
              0.3125000000000000               0.0875000000000000
              0.3125000000000000               0.1375000000000000
              0.3125000000000000               0.1875000000000000
              0.3125000000000000               0.2375000000000000
              0.3125000000000000               0.2875000000000000
              0.3125000000000000               0.3375000000000000
              0.3125000000000000               0.3875000000000000
              0.3125000000000000               0.4375000000000000
              0.3125000000000000               0.4875000000000000
              0.3125000000000000               0.5375000000000000
              0.3125000000000000               0.5875000000000000
              0.3125000000000000               0.6375000000000000
              0.3125000000000000               0.6875000000000000
              0.3125000000000000               0.7375000000000000
              0.3125000000000000               0.7875000000000000
              0.3125000000000000               0.8375000000000000
              0.3125000000000000               0.8875000000000000
              0.3125000000000000               0.9375000000000000
              0.3125000000000000               0.9875000000000000
              0.3625000000000000               0.0375000000000000
              0.3625000000000000               0.0875000000000000
              0.3625000000000000               0.1375000000000000
              0.3625000000000000               0.1875000000000000
              0.3625000000000000               0.2375000000000000
              0.3625000000000000               0.2875000000000000
              0.3625000000000000               0.3375000000000000
              0.3625000000000000               0.3875000000000000
              0.3625000000000000               0.4375000000000000
              0.3625000000000000               0.4875000000000000
              0.3625000000000000               0.5375000000000000
              0.3625000000000000               0.5875000000000000
              0.3625000000000000               0.6375000000000000
              0.3625000000000000               0.6875000000000000
              0.3625000000000000               0.7375000000000000
              0.3625000000000000               0.7875000000000000
              0.3625000000000000               0.8375000000000000
              0.3625000000000000               0.8875000000000000
              0.3625000000000000               0.9375000000000000
              0.3625000000000000               0.9875000000000000
              0.4125000000000000               0.0375000000000000
              0.4125000000000000               0.0875000000000000
              0.4125000000000000               0.1375000000000000
              0.4125000000000000               0.1875000000000000
              0.4125000000000000               0.2375000000000000
              0.4125000000000000               0.2875000000000000
              0.4125000000000000               0.3375000000000000
              0.4125000000000000               0.3875000000000000
              0.4125000000000000               0.4375000000000000
              0.4125000000000000               0.4875000000000000
              0.4125000000000000               0.5375000000000000
              0.4125000000000000               0.5875000000000000
              0.4125000000000000               0.6375000000000000
              0.4125000000000000               0.6875000000000000
              0.4125000000000000               0.7375000000000000
              0.4125000000000000               0.7875000000000000
              0.4125000000000000               0.8375000000000000
              0.4125000000000000               0.8875000000000000
              0.4125000000000000               0.9375000000000000
              0.4125000000000000               0.9875000000000000
              0.4625000000000000               0.0375000000000000
              0.4625000000000000               0.0875000000000000
              0.4625000000000000               0.1375000000000000
              0.4625000000000000               0.1875000000000000
              0.4625000000000000               0.2375000000000000
              0.4625000000000000               0.2875000000000000
              0.4625000000000000               0.3375000000000000
              0.4625000000000000               0.3875000000000000
              0.4625000000000000               0.4375000000000000
              0.4625000000000000               0.4875000000000000
              0.4625000000000000               0.5375000000000000
              0.4625000000000000               0.5875000000000000
              0.4625000000000000               0.6375000000000000
              0.4625000000000000               0.6875000000000000
              0.4625000000000000               0.7375000000000000
              0.4625000000000000               0.7875000000000000
              0.4625000000000000               0.8375000000000000
              0.4625000000000000               0.8875000000000000
              0.4625000000000000               0.9375000000000000
              0.4625000000000000               0.9875000000000000
              0.5125000000000000               0.0375000000000000
              0.5125000000000000               0.0875000000000000
              0.5125000000000000               0.1375000000000000
              0.5125000000000000               0.1875000000000000
              0.5125000000000000               0.2375000000000000
              0.5125000000000000               0.2875000000000000
              0.5125000000000000               0.3375000000000000
              0.5125000000000000               0.3875000000000000
              0.5125000000000000               0.4375000000000000
              0.5125000000000000               0.4875000000000000
              0.5125000000000000               0.5375000000000000
              0.5125000000000000               0.5875000000000000
              0.5125000000000000               0.6375000000000000
              0.5125000000000000               0.6875000000000000
              0.5125000000000000               0.7375000000000000
              0.5125000000000000               0.7875000000000000
              0.5125000000000000               0.8375000000000000
              0.5125000000000000               0.8875000000000000
              0.5125000000000000               0.9375000000000000
              0.5125000000000000               0.9875000000000000
              0.5625000000000000               0.0375000000000000
              0.5625000000000000               0.0875000000000000
              0.5625000000000000               0.1375000000000000
              0.5625000000000000               0.1875000000000000
              0.5625000000000000               0.2375000000000000
              0.5625000000000000               0.2875000000000000
              0.5625000000000000               0.3375000000000000
              0.5625000000000000               0.3875000000000000
              0.5625000000000000               0.4375000000000000
              0.5625000000000000               0.4875000000000000
              0.5625000000000000               0.5375000000000000
              0.5625000000000000               0.5875000000000000
              0.5625000000000000               0.6375000000000000
              0.5625000000000000               0.6875000000000000
              0.5625000000000000               0.7375000000000000
              0.5625000000000000               0.7875000000000000
              0.5625000000000000               0.8375000000000000
              0.5625000000000000               0.8875000000000000
              0.5625000000000000               0.9375000000000000
              0.5625000000000000               0.9875000000000000
              0.6125000000000000               0.0375000000000000
              0.6125000000000000               0.0875000000000000
              0.6125000000000000               0.1375000000000000
              0.6125000000000000               0.1875000000000000
              0.6125000000000000               0.2375000000000000
              0.6125000000000000               0.2875000000000000
              0.6125000000000000               0.3375000000000000
              0.6125000000000000               0.3875000000000000
              0.6125000000000000               0.4375000000000000
              0.6125000000000000               0.4875000000000000
              0.6125000000000000               0.5375000000000000
              0.6125000000000000               0.5875000000000000
              0.6125000000000000               0.6375000000000000
              0.6125000000000000               0.6875000000000000
              0.6125000000000000               0.7375000000000000
              0.6125000000000000               0.7875000000000000
              0.6125000000000000               0.8375000000000000
              0.6125000000000000               0.8875000000000000
              0.6125000000000000               0.9375000000000000
              0.6125000000000000               0.9875000000000000
              0.6625000000000000               0.0375000000000000
              0.6625000000000000               0.0875000000000000
              0.6625000000000000               0.1375000000000000
              0.6625000000000000               0.1875000000000000
              0.6625000000000000               0.2375000000000000
              0.6625000000000000               0.2875000000000000
              0.6625000000000000               0.3375000000000000
              0.6625000000000000               0.3875000000000000
              0.6625000000000000               0.4375000000000000
              0.6625000000000000               0.4875000000000000
              0.6625000000000000               0.5375000000000000
              0.6625000000000000               0.5875000000000000
              0.6625000000000000               0.6375000000000000
              0.6625000000000000               0.6875000000000000
              0.6625000000000000               0.7375000000000000
              0.6625000000000000               0.7875000000000000
              0.6625000000000000               0.8375000000000000
              0.6625000000000000               0.8875000000000000
              0.6625000000000000               0.9375000000000000
              0.6625000000000000               0.9875000000000000
              0.7125000000000000               0.0375000000000000
              0.7125000000000000               0.0875000000000000
              0.7125000000000000               0.1375000000000000
              0.7125000000000000               0.1875000000000000
              0.7125000000000000               0.2375000000000000
              0.7125000000000000               0.2875000000000000
              0.7125000000000000               0.3375000000000000
              0.7125000000000000               0.3875000000000000
              0.7125000000000000               0.4375000000000000
              0.7125000000000000               0.4875000000000000
              0.7125000000000000               0.5375000000000000
              0.7125000000000000               0.5875000000000000
              0.7125000000000000               0.6375000000000000
              0.7125000000000000               0.6875000000000000
              0.7125000000000000               0.7375000000000000
              0.7125000000000000               0.7875000000000000
              0.7125000000000000               0.8375000000000000
              0.7125000000000000               0.8875000000000000
              0.7125000000000000               0.9375000000000000
              0.7125000000000000               0.9875000000000000
              0.7625000000000000               0.0375000000000000
              0.7625000000000000               0.0875000000000000
              0.7625000000000000               0.1375000000000000
              0.7625000000000000               0.1875000000000000
              0.7625000000000000               0.2375000000000000
              0.7625000000000000               0.2875000000000000
              0.7625000000000000               0.3375000000000000
              0.7625000000000000               0.3875000000000000
              0.7625000000000000               0.4375000000000000
              0.7625000000000000               0.4875000000000000
              0.7625000000000000               0.5375000000000000
              0.7625000000000000               0.5875000000000000
              0.7625000000000000               0.6375000000000000
              0.7625000000000000               0.6875000000000000
              0.7625000000000000               0.7375000000000000
              0.7625000000000000               0.7875000000000000
              0.7625000000000000               0.8375000000000000
              0.7625000000000000               0.8875000000000000
              0.7625000000000000               0.9375000000000000
              0.7625000000000000               0.9875000000000000
              0.8125000000000000               0.0375000000000000
              0.8125000000000000               0.0875000000000000
              0.8125000000000000               0.1375000000000000
              0.8125000000000000               0.1875000000000000
              0.8125000000000000               0.2375000000000000
              0.8125000000000000               0.2875000000000000
              0.8125000000000000               0.3375000000000000
              0.8125000000000000               0.3875000000000000
              0.8125000000000000               0.4375000000000000
              0.8125000000000000               0.4875000000000000
              0.8125000000000000               0.5375000000000000
              0.8125000000000000               0.5875000000000000
              0.8125000000000000               0.6375000000000000
              0.8125000000000000               0.6875000000000000
              0.8125000000000000               0.7375000000000000
              0.8125000000000000               0.7875000000000000
              0.8125000000000000               0.8375000000000000
              0.8125000000000000               0.8875000000000000
              0.8125000000000000               0.9375000000000000
              0.8125000000000000               0.9875000000000000
              0.8625000000000000               0.0375000000000000
              0.8625000000000000               0.0875000000000000
              0.8625000000000000               0.1375000000000000
              0.8625000000000000               0.1875000000000000
              0.8625000000000000               0.2375000000000000
              0.8625000000000000               0.2875000000000000
              0.8625000000000000               0.3375000000000000
              0.8625000000000000               0.3875000000000000
              0.8625000000000000               0.4375000000000000
              0.8625000000000000               0.4875000000000000
              0.8625000000000000               0.5375000000000000
              0.8625000000000000               0.5875000000000000
              0.8625000000000000               0.6375000000000000
              0.8625000000000000               0.6875000000000000
              0.8625000000000000               0.7375000000000000
              0.8625000000000000               0.7875000000000000
              0.8625000000000000               0.8375000000000000
              0.8625000000000000               0.8875000000000000
              0.8625000000000000               0.9375000000000000
              0.8625000000000000               0.9875000000000000
              0.9125000000000000               0.0375000000000000
              0.9125000000000000               0.0875000000000000
              0.9125000000000000               0.1375000000000000
              0.9125000000000000               0.1875000000000000
              0.9125000000000000               0.2375000000000000
              0.9125000000000000               0.2875000000000000
              0.9125000000000000               0.3375000000000000
              0.9125000000000000               0.3875000000000000
              0.9125000000000000               0.4375000000000000
              0.9125000000000000               0.4875000000000000
              0.9125000000000000               0.5375000000000000
              0.9125000000000000               0.5875000000000000
              0.9125000000000000               0.6375000000000000
              0.9125000000000000               0.6875000000000000
              0.9125000000000000               0.7375000000000000
              0.9125000000000000               0.7875000000000000
              0.9125000000000000               0.8375000000000000
              0.9125000000000000               0.8875000000000000
              0.9125000000000000               0.9375000000000000
              0.9125000000000000               0.9875000000000000
              0.9625000000000000               0.0375000000000000
              0.9625000000000000               0.0875000000000000
              0.9625000000000000               0.1375000000000000
              0.9625000000000000               0.1875000000000000
              0.9625000000000000               0.2375000000000000
              0.9625000000000000               0.2875000000000000
              0.9625000000000000               0.3375000000000000
              0.9625000000000000               0.3875000000000000
              0.9625000000000000               0.4375000000000000
              0.9625000000000000               0.4875000000000000
              0.9625000000000000               0.5375000000000000
              0.9625000000000000               0.5875000000000000
              0.9625000000000000               0.6375000000000000
              0.9625000000000000               0.6875000000000000
              0.9625000000000000               0.7375000000000000
              0.9625000000000000               0.7875000000000000
              0.9625000000000000               0.8375000000000000
              0.9625000000000000               0.8875000000000000
              0.9625000000000000               0.9375000000000000
              0.9625000000000000               0.9875000000000000
              1.0000000000000000               0.0250000000000000
              1.0000000000000000               0.0750000000000000
              1.0000000000000000               0.1250000000000000
              1.0000000000000000               0.1750000000000000
              1.0000000000000000               0.2250000000000000
              1.0000000000000000               0.2750000000000000
              1.0000000000000000               0.3250000000000000
              1.0000000000000000               0.3750000000000000
              1.0000000000000000               0.4250000000000000
              1.0000000000000000               0.4750000000000000
              1.0000000000000000               0.5250000000000000
              1.0000000000000000               0.5750000000000000
              1.0000000000000000               0.6250000000000000
              1.0000000000000000               0.6750000000000000
              1.0000000000000000               0.7250000000000000
              1.0000000000000000               0.7750000000000000
              1.0000000000000000               0.8250000000000000
              1.0000000000000000               0.8750000000000000
              1.0000000000000000               0.9250000000000000
              1.0000000000000000               0.9750000000000000
400
1 442 2 882 23 462 22 862 
2 443 3 902 24 463 23 882 
3 444 4 922 25 464 24 902 
4 445 5 942 26 465 25 922 
5 446 6 962 27 466 26 942 
6 447 7 982 28 467 27 962 
7 448 8 1002 29 468 28 982 
8 449 9 1022 30 469 29 1002 
9 450 10 1042 31 470 30 1022 
10 451 11 1062 32 471 31 1042 
11 452 12 1082 33 472 32 1062 
12 453 13 1102 34 473 33 1082 
13 454 14 1122 35 474 34 1102 
14 455 15 1142 36 475 35 1122 
15 456 16 1162 37 476 36 1142 
16 457 17 1182 38 477 37 1162 
17 458 18 1202 39 478 38 1182 
18 459 19 1222 40 479 39 1202 
19 460 20 1242 41 480 40 1222 
20 461 21 1262 42 481 41 1242 
22 462 23 883 44 482 43 863 
23 463 24 903 45 483 44 883 
24 464 25 923 46 484 45 903 
25 465 26 943 47 485 46 923 
26 466 27 963 48 486 47 943 
27 467 28 983 49 487 48 963 
28 468 29 1003 50 488 49 983 
29 469 30 1023 51 489 50 1003 
30 470 31 1043 52 490 51 1023 
31 471 32 1063 53 491 52 1043 
32 472 33 1083 54 492 53 1063 
33 473 34 1103 55 493 54 1083 
34 474 35 1123 56 494 55 1103 
35 475 36 1143 57 495 56 1123 
36 476 37 1163 58 496 57 1143 
37 477 38 1183 59 497 58 1163 
38 478 39 1203 60 498 59 1183 
39 479 40 1223 61 499 60 1203 
40 480 41 1243 62 500 61 1223 
41 481 42 1263 63 501 62 1243 
43 482 44 884 65 502 64 864 
44 483 45 904 66 503 65 884 
45 484 46 924 67 504 66 904 
46 485 47 944 68 505 67 924 
47 486 48 964 69 506 68 944 
48 487 49 984 70 507 69 964 
49 488 50 1004 71 508 70 984 
50 489 51 1024 72 509 71 1004 
51 490 52 1044 73 510 72 1024 
52 491 53 1064 74 511 73 1044 
53 492 54 1084 75 512 74 1064 
54 493 55 1104 76 513 75 1084 
55 494 56 1124 77 514 76 1104 
56 495 57 1144 78 515 77 1124 
57 496 58 1164 79 516 78 1144 
58 497 59 1184 80 517 79 1164 
59 498 60 1204 81 518 80 1184 
60 499 61 1224 82 519 81 1204 
61 500 62 1244 83 520 82 1224 
62 501 63 1264 84 521 83 1244 
64 502 65 885 86 522 85 865 
65 503 66 905 87 523 86 885 
66 504 67 925 88 524 87 905 
67 505 68 945 89 525 88 925 
68 506 69 965 90 526 89 945 
69 507 70 985 91 527 90 965 
70 508 71 1005 92 528 91 985 
71 509 72 1025 93 529 92 1005 
72 510 73 1045 94 530 93 1025 
73 511 74 1065 95 531 94 1045 
74 512 75 1085 96 532 95 1065 
75 513 76 1105 97 533 96 1085 
76 514 77 1125 98 534 97 1105 
77 515 78 1145 99 535 98 1125 
78 516 79 1165 100 536 99 1145 
79 517 80 1185 101 537 100 1165 
80 518 81 1205 102 538 101 1185 
81 519 82 1225 103 539 102 1205 
82 520 83 1245 104 540 103 1225 
83 521 84 1265 105 541 104 1245 
85 522 86 886 107 542 106 866 
86 523 87 906 108 543 107 886 
87 524 88 926 109 544 108 906 
88 525 89 946 110 545 109 926 
89 526 90 966 111 546 110 946 
90 527 91 986 112 547 111 966 
91 528 92 1006 113 548 112 986 
92 529 93 1026 114 549 113 1006 
93 530 94 1046 115 550 114 1026 
94 531 95 1066 116 551 115 1046 
95 532 96 1086 117 552 116 1066 
96 533 97 1106 118 553 117 1086 
97 534 98 1126 119 554 118 1106 
98 535 99 1146 120 555 119 1126 
99 536 100 1166 121 556 120 1146 
100 537 101 1186 122 557 121 1166 
101 538 102 1206 123 558 122 1186 
102 539 103 1226 124 559 123 1206 
103 540 104 1246 125 560 124 1226 
104 541 105 1266 126 561 125 1246 
106 542 107 887 128 562 127 867 
107 543 108 907 129 563 128 887 
108 544 109 927 130 564 129 907 
109 545 110 947 131 565 130 927 
110 546 111 967 132 566 131 947 
111 547 112 987 133 567 132 967 
112 548 113 1007 134 568 133 987 
113 549 114 1027 135 569 134 1007 
114 550 115 1047 136 570 135 1027 
115 551 116 1067 137 571 136 1047 
116 552 117 1087 138 572 137 1067 
117 553 118 1107 139 573 138 1087 
118 554 119 1127 140 574 139 1107 
119 555 120 1147 141 575 140 1127 
120 556 121 1167 142 576 141 1147 
121 557 122 1187 143 577 142 1167 
122 558 123 1207 144 578 143 1187 
123 559 124 1227 145 579 144 1207 
124 560 125 1247 146 580 145 1227 
125 561 126 1267 147 581 146 1247 
127 562 128 888 149 582 148 868 
128 563 129 908 150 583 149 888 
129 564 130 928 151 584 150 908 
130 565 131 948 152 585 151 928 
131 566 132 968 153 586 152 948 
132 567 133 988 154 587 153 968 
133 568 134 1008 155 588 154 988 
134 569 135 1028 156 589 155 1008 
135 570 136 1048 157 590 156 1028 
136 571 137 1068 158 591 157 1048 
137 572 138 1088 159 592 158 1068 
138 573 139 1108 160 593 159 1088 
139 574 140 1128 161 594 160 1108 
140 575 141 1148 162 595 161 1128 
141 576 142 1168 163 596 162 1148 
142 577 143 1188 164 597 163 1168 
143 578 144 1208 165 598 164 1188 
144 579 145 1228 166 599 165 1208 
145 580 146 1248 167 600 166 1228 
146 581 147 1268 168 601 167 1248 
148 582 149 889 170 602 169 869 
149 583 150 909 171 603 170 889 
150 584 151 929 172 604 171 909 
151 585 152 949 173 605 172 929 
152 586 153 969 174 606 173 949 
153 587 154 989 175 607 174 969 
154 588 155 1009 176 608 175 989 
155 589 156 1029 177 609 176 1009 
156 590 157 1049 178 610 177 1029 
157 591 158 1069 179 611 178 1049 
158 592 159 1089 180 612 179 1069 
159 593 160 1109 181 613 180 1089 
160 594 161 1129 182 614 181 1109 
161 595 162 1149 183 615 182 1129 
162 596 163 1169 184 616 183 1149 
163 597 164 1189 185 617 184 1169 
164 598 165 1209 186 618 185 1189 
165 599 166 1229 187 619 186 1209 
166 600 167 1249 188 620 187 1229 
167 601 168 1269 189 621 188 1249 
169 602 170 890 191 622 190 870 
170 603 171 910 192 623 191 890 
171 604 172 930 193 624 192 910 
172 605 173 950 194 625 193 930 
173 606 174 970 195 626 194 950 
174 607 175 990 196 627 195 970 
175 608 176 1010 197 628 196 990 
176 609 177 1030 198 629 197 1010 
177 610 178 1050 199 630 198 1030 
178 611 179 1070 200 631 199 1050 
179 612 180 1090 201 632 200 1070 
180 613 181 1110 202 633 201 1090 
181 614 182 1130 203 634 202 1110 
182 615 183 1150 204 635 203 1130 
183 616 184 1170 205 636 204 1150 
184 617 185 1190 206 637 205 1170 
185 618 186 1210 207 638 206 1190 
186 619 187 1230 208 639 207 1210 
187 620 188 1250 209 640 208 1230 
188 621 189 1270 210 641 209 1250 
190 622 191 891 212 642 211 871 
191 623 192 911 213 643 212 891 
192 624 193 931 214 644 213 911 
193 625 194 951 215 645 214 931 
194 626 195 971 216 646 215 951 
195 627 196 991 217 647 216 971 
196 628 197 1011 218 648 217 991 
197 629 198 1031 219 649 218 1011 
198 630 199 1051 220 650 219 1031 
199 631 200 1071 221 651 220 1051 
200 632 201 1091 222 652 221 1071 
201 633 202 1111 223 653 222 1091 
202 634 203 1131 224 654 223 1111 
203 635 204 1151 225 655 224 1131 
204 636 205 1171 226 656 225 1151 
205 637 206 1191 227 657 226 1171 
206 638 207 1211 228 658 227 1191 
207 639 208 1231 229 659 228 1211 
208 640 209 1251 230 660 229 1231 
209 641 210 1271 231 661 230 1251 
211 642 212 892 233 662 232 872 
212 643 213 912 234 663 233 892 
213 644 214 932 235 664 234 912 
214 645 215 952 236 665 235 932 
215 646 216 972 237 666 236 952 
216 647 217 992 238 667 237 972 
217 648 218 1012 239 668 238 992 
218 649 219 1032 240 669 239 1012 
219 650 220 1052 241 670 240 1032 
220 651 221 1072 242 671 241 1052 
221 652 222 1092 243 672 242 1072 
222 653 223 1112 244 673 243 1092 
223 654 224 1132 245 674 244 1112 
224 655 225 1152 246 675 245 1132 
225 656 226 1172 247 676 246 1152 
226 657 227 1192 248 677 247 1172 
227 658 228 1212 249 678 248 1192 
228 659 229 1232 250 679 249 1212 
229 660 230 1252 251 680 250 1232 
230 661 231 1272 252 681 251 1252 
232 662 233 893 254 682 253 873 
233 663 234 913 255 683 254 893 
234 664 235 933 256 684 255 913 
235 665 236 953 257 685 256 933 
236 666 237 973 258 686 257 953 
237 667 238 993 259 687 258 973 
238 668 239 1013 260 688 259 993 
239 669 240 1033 261 689 260 1013 
240 670 241 1053 262 690 261 1033 
241 671 242 1073 263 691 262 1053 
242 672 243 1093 264 692 263 1073 
243 673 244 1113 265 693 264 1093 
244 674 245 1133 266 694 265 1113 
245 675 246 1153 267 695 266 1133 
246 676 247 1173 268 696 267 1153 
247 677 248 1193 269 697 268 1173 
248 678 249 1213 270 698 269 1193 
249 679 250 1233 271 699 270 1213 
250 680 251 1253 272 700 271 1233 
251 681 252 1273 273 701 272 1253 
253 682 254 894 275 702 274 874 
254 683 255 914 276 703 275 894 
255 684 256 934 277 704 276 914 
256 685 257 954 278 705 277 934 
257 686 258 974 279 706 278 954 
258 687 259 994 280 707 279 974 
259 688 260 1014 281 708 280 994 
260 689 261 1034 282 709 281 1014 
261 690 262 1054 283 710 282 1034 
262 691 263 1074 284 711 283 1054 
263 692 264 1094 285 712 284 1074 
264 693 265 1114 286 713 285 1094 
265 694 266 1134 287 714 286 1114 
266 695 267 1154 288 715 287 1134 
267 696 268 1174 289 716 288 1154 
268 697 269 1194 290 717 289 1174 
269 698 270 1214 291 718 290 1194 
270 699 271 1234 292 719 291 1214 
271 700 272 1254 293 720 292 1234 
272 701 273 1274 294 721 293 1254 
274 702 275 895 296 722 295 875 
275 703 276 915 297 723 296 895 
276 704 277 935 298 724 297 915 
277 705 278 955 299 725 298 935 
278 706 279 975 300 726 299 955 
279 707 280 995 301 727 300 975 
280 708 281 1015 302 728 301 995 
281 709 282 1035 303 729 302 1015 
282 710 283 1055 304 730 303 1035 
283 711 284 1075 305 731 304 1055 
284 712 285 1095 306 732 305 1075 
285 713 286 1115 307 733 306 1095 
286 714 287 1135 308 734 307 1115 
287 715 288 1155 309 735 308 1135 
288 716 289 1175 310 736 309 1155 
289 717 290 1195 311 737 310 1175 
290 718 291 1215 312 738 311 1195 
291 719 292 1235 313 739 312 1215 
292 720 293 1255 314 740 313 1235 
293 721 294 1275 315 741 314 1255 
295 722 296 896 317 742 316 876 
296 723 297 916 318 743 317 896 
297 724 298 936 319 744 318 916 
298 725 299 956 320 745 319 936 
299 726 300 976 321 746 320 956 
300 727 301 996 322 747 321 976 
301 728 302 1016 323 748 322 996 
302 729 303 1036 324 749 323 1016 
303 730 304 1056 325 750 324 1036 
304 731 305 1076 326 751 325 1056 
305 732 306 1096 327 752 326 1076 
306 733 307 1116 328 753 327 1096 
307 734 308 1136 329 754 328 1116 
308 735 309 1156 330 755 329 1136 
309 736 310 1176 331 756 330 1156 
310 737 311 1196 332 757 331 1176 
311 738 312 1216 333 758 332 1196 
312 739 313 1236 334 759 333 1216 
313 740 314 1256 335 760 334 1236 
314 741 315 1276 336 761 335 1256 
316 742 317 897 338 762 337 877 
317 743 318 917 339 763 338 897 
318 744 319 937 340 764 339 917 
319 745 320 957 341 765 340 937 
320 746 321 977 342 766 341 957 
321 747 322 997 343 767 342 977 
322 748 323 1017 344 768 343 997 
323 749 324 1037 345 769 344 1017 
324 750 325 1057 346 770 345 1037 
325 751 326 1077 347 771 346 1057 
326 752 327 1097 348 772 347 1077 
327 753 328 1117 349 773 348 1097 
328 754 329 1137 350 774 349 1117 
329 755 330 1157 351 775 350 1137 
330 756 331 1177 352 776 351 1157 
331 757 332 1197 353 777 352 1177 
332 758 333 1217 354 778 353 1197 
333 759 334 1237 355 779 354 1217 
334 760 335 1257 356 780 355 1237 
335 761 336 1277 357 781 356 1257 
337 762 338 898 359 782 358 878 
338 763 339 918 360 783 359 898 
339 764 340 938 361 784 360 918 
340 765 341 958 362 785 361 938 
341 766 342 978 363 786 362 958 
342 767 343 998 364 787 363 978 
343 768 344 1018 365 788 364 998 
344 769 345 1038 366 789 365 1018 
345 770 346 1058 367 790 366 1038 
346 771 347 1078 368 791 367 1058 
347 772 348 1098 369 792 368 1078 
348 773 349 1118 370 793 369 1098 
349 774 350 1138 371 794 370 1118 
350 775 351 1158 372 795 371 1138 
351 776 352 1178 373 796 372 1158 
352 777 353 1198 374 797 373 1178 
353 778 354 1218 375 798 374 1198 
354 779 355 1238 376 799 375 1218 
355 780 356 1258 377 800 376 1238 
356 781 357 1278 378 801 377 1258 
358 782 359 899 380 802 379 879 
359 783 360 919 381 803 380 899 
360 784 361 939 382 804 381 919 
361 785 362 959 383 805 382 939 
362 786 363 979 384 806 383 959 
363 787 364 999 385 807 384 979 
364 788 365 1019 386 808 385 999 
365 789 366 1039 387 809 386 1019 
366 790 367 1059 388 810 387 1039 
367 791 368 1079 389 811 388 1059 
368 792 369 1099 390 812 389 1079 
369 793 370 1119 391 813 390 1099 
370 794 371 1139 392 814 391 1119 
371 795 372 1159 393 815 392 1139 
372 796 373 1179 394 816 393 1159 
373 797 374 1199 395 817 394 1179 
374 798 375 1219 396 818 395 1199 
375 799 376 1239 397 819 396 1219 
376 800 377 1259 398 820 397 1239 
377 801 378 1279 399 821 398 1259 
379 802 380 900 401 822 400 880 
380 803 381 920 402 823 401 900 
381 804 382 940 403 824 402 920 
382 805 383 960 404 825 403 940 
383 806 384 980 405 826 404 960 
384 807 385 1000 406 827 405 980 
385 808 386 1020 407 828 406 1000 
386 809 387 1040 408 829 407 1020 
387 810 388 1060 409 830 408 1040 
388 811 389 1080 410 831 409 1060 
389 812 390 1100 411 832 410 1080 
390 813 391 1120 412 833 411 1100 
391 814 392 1140 413 834 412 1120 
392 815 393 1160 414 835 413 1140 
393 816 394 1180 415 836 414 1160 
394 817 395 1200 416 837 415 1180 
395 818 396 1220 417 838 416 1200 
396 819 397 1240 418 839 417 1220 
397 820 398 1260 419 840 418 1240 
398 821 399 1280 420 841 419 1260 
400 822 401 901 422 842 421 881 
401 823 402 921 423 843 422 901 
402 824 403 941 424 844 423 921 
403 825 404 961 425 845 424 941 
404 826 405 981 426 846 425 961 
405 827 406 1001 427 847 426 981 
406 828 407 1021 428 848 427 1001 
407 829 408 1041 429 849 428 1021 
408 830 409 1061 430 850 429 1041 
409 831 410 1081 431 851 430 1061 
410 832 411 1101 432 852 431 1081 
411 833 412 1121 433 853 432 1101 
412 834 413 1141 434 854 433 1121 
413 835 414 1161 435 855 434 1141 
414 836 415 1181 436 856 435 1161 
415 837 416 1201 437 857 436 1181 
416 838 417 1221 438 858 437 1201 
417 839 418 1241 439 859 438 1221 
418 840 419 1261 440 860 439 1241 
419 841 420 1281 441 861 440 1261 
160
1
2
3
4
5
6
7
8
9
10
11
12
13
14
15
16
17
18
19
20
21
22
42
43
63
64
84
85
105
106
126
127
147
148
168
169
189
190
210
211
231
232
252
253
273
274
294
295
315
316
336
337
357
358
378
379
399
400
420
421
422
423
424
425
426
427
428
429
430
431
432
433
434
435
436
437
438
439
440
441
442
443
444
445
446
447
448
449
450
451
452
453
454
455
456
457
458
459
460
461
842
843
844
845
846
847
848
849
850
851
852
853
854
855
856
857
858
859
860
861
862
863
864
865
866
867
868
869
870
871
872
873
874
875
876
877
878
879
880
881
1262
1263
1264
1265
1266
1267
1268
1269
1270
1271
1272
1273
1274
1275
1276
1277
1278
1279
1280
1281
