869
              0.5408935104811784               0.4876690987041312
             -0.0000000000039314               0.1157043418274852
              0.4140920899186089              -0.0000000000055908
              0.9436353522856791               0.6943618422449227
              0.8989586073710732               0.6483825991031640
              0.5404174291139812               0.4587601506231726
              0.5751678315231528               0.4270207217140474
              0.5743788345712416               0.4343887336216760
              0.5864755576063612               0.5347475385911127
              0.5314161057430985               0.1744740627581154
              0.5667384353371181               0.1463301272837887
              1.0000000001376228               0.9058306420665500
              0.7451702858537937               0.8606660347527658
              0.7843182310033225               0.8651056474572140
              0.6562767277961508               1.0000000001310461
              0.6437382126586545               0.6467325876482179
              0.7377642085501757               0.8471832639865950
              0.7565682171474520               0.8075468293611262
              0.7327500859284941               0.7843540657739880
              0.3470889759858276               1.0000000001101634
              0.3470889759918530               1.0000000001028455
             -0.0000000000049296               0.0522859659257485
             -0.0000000000049296              -0.0000000000044430
             -0.0000000000039339               0.6299469355528143
              0.0394150363678116               0.6309325299007273
              0.5324490800812974               0.4971487567397091
              0.7938103735628470               0.0345407611229256
              0.8220869474412689               0.0533853673173449
              0.9068483847829827               0.3907892446136286
              0.3590739721816822              -0.0000000000043334
              0.3679954047403018               0.1407672156973216
              0.3974571903698583               0.3430766794270197
              0.4271062900392735               0.1427491913294132
              0.3929321215469429               0.1585894938924650
              0.4508544718913731               0.0608549571956205
              0.4326396158814813               0.1260297086400721
              0.9001246467626970               0.7373863756591362
              0.8876014721218930               0.6893435276728312
              0.9009804410069128               0.7027592886332277
              1.0000000001494254               0.7645005236450061
              0.9374167348610171               0.7897391444200200
              1.0000000001195879               0.7098339209276243
              0.9580213458842840               0.7117311317450266
              1.0000000001195879               0.7645005236118224
              0.9452310728119634               0.7526423650114613
              0.9477899793255490               0.7580602349772966
              1.0000000001314722               0.7098339209162777
              1.0000000001314722               0.6589661229537339
              1.0000000001347906               0.6589661229502842
              0.9503410433834334               0.6596094879006021
              0.9416063113236525               0.6479390371003850
              0.7875037957837354               0.5541012083558509
              0.8352917124988475               0.6600494932936570
              0.8567060637627867               0.6914290457472777
              0.7901892616739885               0.6876139160133334
              0.7987958962735113               0.6672663213689772
              0.8793292832891275               0.4087558562147687
              0.8296607963160084               0.4484123869051355
              0.8528372288965814               0.3878254256025251
              0.8124344938751121               0.4098564599135128
              0.8148364481355080               0.4031840352025335
              0.8413131416231883               0.5172156640237463
              0.8442751510770758               0.5162473391015898
              0.8224300683985500               0.5530903785472607
              0.8863479179067948               0.5447408792808581
              0.0546068408655286               0.1475140466972589
              0.0597225931074123              -0.0000000000044430
             -0.0000000000037096               0.0522859659268332
             -0.0000000000037096               0.1157043418273204
              0.0310967615177378               0.1150336978545988
              0.1371855601133187               0.0943075006883038
              0.0892907758963057               0.1358767782147970
              0.4229241091874204               0.4528034579185869
              0.4814344093883093               0.4880714960787376
              0.6057462499883968               0.4022272660320554
              0.5434244278368896               0.3963972406599644
              0.4112557092488212               0.4475218907095793
              0.4028716964321873               0.4051894759874382
              0.6460130799211062               0.6015217995315967
              0.6355117116934944               0.6203822100213234
              0.6286039398893712               0.5665819286394342
              0.6069445688665085               0.5653579380501540
              0.5893837943393833               0.6174108142428704
              0.5832876484064731               0.5949403873968049
              0.7214723365476621               0.5355003332172311
              0.6869093675590570               0.5954315161644608
              0.6940880576460038               0.6009482866558571
              0.8012128823567263               0.4951531484631964
              0.7996273178682439               0.4731164442810042
              0.7748946071332347               0.5186973885192404
              0.7497619935992730               0.5124399583202743
              0.6877310290406582               0.4913927142345466
              0.6494170662049242               0.5425007060804438
              0.6839037809623518               0.5508637870100890
              0.7062445552855484               0.5335713204543960
              0.6409759704218490               0.4531565395226283
              0.6587552342650177               0.4894178788399914
              0.6410863472401811               0.5139051555049002
              0.6011434965854419               0.4653567749705686
              0.5915378097372311               0.4964776841228240
              0.5967525632088955               0.5077912707591117
              0.7140549185168533               0.2168628131864322
              0.4675550659791475               0.0935829401859503
              0.4595049199794226               0.1145451494984705
              0.4962191176095814               0.1494298846483094
              0.4983204229072101               0.1492150527351132
              0.5594796224238245               0.1168031391684032
              0.5715488270639639               0.1013883386583870
              0.5239272186074504               0.1117961468448509
              0.5096878279001926               0.0860597773898865
              0.5905947998671213               0.1595850095673761
              0.6241988215654600               0.1427390114143152
              0.6869428397350937               0.1155848467028489
              0.6641219099694002               0.1002833723987474
              0.6175174723050004               0.0576805827261840
              0.6105681945433636               0.0986960621352708
              0.6262064784472214               0.1142611777779411
             -0.0000000000031463               1.0000000001072333
              0.0400018481793572               1.0000000001072333
              0.0400018481905954               1.0000000001173435
              0.3780950339207396               0.5660499803476370
              0.1914717366013334               0.6013372670893739
              0.9407197079262023               0.8930204256259047
              0.9009487021891879               0.8972120812306229
              1.0000000001222826               0.9058306420829785
              0.9534303191427882               0.9087743100929233
              0.8933245851646568               0.9103931304924061
              0.8478073851008596               0.8639632706938860
              0.8862793836057196               0.8619806068073060
              0.8974836438992692               0.8425892034394802
              0.8193896244231533               1.0000000001155791
              0.8193896244197163               1.0000000001196478
              0.7061341975299457               1.0000000001310461
              0.7627222356541660               1.0000000001196478
              0.7305547576621831               0.8968711998481347
              0.7392121481627154               0.9113341007270908
              0.6927183128991087               0.6480802317284078
              0.6831151675104257               0.6557423399342301
              0.7338618863307127               0.6555219620290756
              0.6008968692224399               1.0000000001240941
              0.6297753887335319               0.8647195291166685
              0.6892132640388063               0.8932163309801677
              0.6974140514051467               0.8040205640625897
              0.6504503899706163               0.8454745002703692
              0.7021417545652151               0.8382781295699018
              0.6837002172372881               0.8544301144314278
              0.0354397165032212               0.5248891411852373
              0.1792603704571162               0.5735799766270153
             -0.0000000000041520               0.6299469355526122
              0.5530717105792476               0.5442732299943936
              0.5326281787797125               0.5284857417639189
              0.5294674605440963               0.5927629951701749
              0.5498687241281639               0.5809664861324145
              1.0000000001332270               0.1431469853774834
              0.7958990274997411               0.0934519954194607
              0.8212841606193844               0.0730249537630025
              0.7400078288433941              -0.0000000000038686
              0.7400078288428891              -0.0000000000043837
              0.7934846609138660              -0.0000000000037831
              0.7934846609137939              -0.0000000000038686
              1.0000000001221083               0.0467309114781039
              1.0000000001002725               0.0467309114970263
              0.7635017343272936               0.0541720965713449
              0.7426572621070152               0.0432890594139659
              0.7689694125171971               0.0819888380952660
              0.7119388364656988               0.0581552743531950
              0.7399523825107405               0.1076106481312130
              0.7178656350571616               0.0987455447947502
              0.6459601440884144              -0.0000000000043744
              0.6459601440887959              -0.0000000000047087
              0.6933862972944328               0.0493271729936348
              0.6913850989952829              -0.0000000000047087
              0.6913850989956517              -0.0000000000043837
              0.6438860544584648               0.0493810106695126
              0.6643235636940702               0.0608848608285643
              0.8967075445370772              -0.0000000000037529
              0.8741575581897387               0.0509481017951549
              0.8466775104418929               0.0369240161343146
              0.8465489920369124              -0.0000000000037831
              0.9672619285212907               0.0495165880414992
              0.9530244199886729               0.0883805363145414
              0.9219825054756182               0.0798884847186057
              0.9500613915853202              -0.0000000000038664
              1.0000000001221083              -0.0000000000038664
              0.3093194387998849              -0.0000000000043334
              0.3361396745446867               0.1905887349053885
              0.3396522701930394               0.1531793923689849
              0.3123252689366585               0.1353761913596226
              0.1970214228662854               0.1158247392136857
              0.4397630477309378               0.2967973343927566
              0.3697640718477153               0.2055657458553183
              0.3919030998240312               0.1903703134342712
              0.4657045046186231               0.1819477359950506
              0.4536190382090479               0.1814692114173949
              0.4263678876270872               0.2065658732899239
              0.4291630829809405               0.2332160160894922
              0.4120981186049193               0.0641194667349033
              0.4032259655511978               0.0950268871536364
              0.3717940698551631               0.1070507948741871
              0.5178742665610305               0.0622140752156082
              0.4463141091320257              -0.0000000000055908
              0.5060136015734918              -0.0000000000049266
              0.8993009663738269               0.5390863228945805
              0.9499725067660540               0.8109234060191234
              0.9504922565018336               0.8588420619843157
              0.9398640309604046               0.8417233564143094
              0.9352929201573055               0.5915674286105297
              0.9497928659541275               0.6098279192383835
              0.9403395709394817               0.5619760288924508
              1.0000000001567102               0.6055812491192962
              1.0000000001347906               0.6055812491439522
              1.0000000001567102               0.5619889084820897
              0.7749380117640430               0.5724918654864452
              0.7435133018684231               0.5761272524914246
              0.7306584549205033               0.5955492401717907
              0.7943449182860968               0.6095367960262351
              0.7782169441192354               0.6344591869376454
              0.7512731781930757               0.6353828406367441
              0.8616153740012141               0.4865391652374816
              0.8437566178906124               0.4518559725321222
              0.8787943534763465               0.4256550622237756
              0.8279428218660253               0.6066420517360659
              0.8402127541969564               0.5814257634103187
              0.8457718778064240               0.6357154151790039
              0.8744753325958786               0.5764502201709653
              0.8934373478918124               0.6014115050786396
              0.8854183993485745               0.6304820688962899
              0.2114073999413565               0.2893707704318467
              0.2299842118030520               0.2771290994527664
              0.0410812989723187               0.0574435068440670
              0.0523513562636397               0.0887679682403384
              0.1027007473397173               0.0800769588491052
              0.0845784145076619               0.0951480983929153
              0.1264433654188220               0.0299047811907400
              0.1012776433393749               0.0521426710959264
              0.0597225931080544              -0.0000000000035791
              0.0624477243774880               0.0340461202338501
              0.1266119955956829              -0.0000000000036407
              0.1686360710964976               0.1380190974562841
              0.1402317467884674               0.1215055012821570
              0.1061464507196903               0.1456067618777419
              0.4967060077503403               0.5657082941017986
              0.4987034126246808               0.5464877818815139
              0.6438339193410189               0.4456194537808669
              0.6211123542941209               0.4052840279691586
              0.6563480913421759               0.3758396149778647
              0.5160023588224786               0.4064010109170070
              0.4590853027428949               0.4328477273959827
              0.5100389452407101               0.4380918839938239
              0.4858490379557511               0.4498033040549572
              0.3743571060480613               0.3626661616184904
              0.3809547434577540               0.3958588215453895
              0.7665194998106525               0.4541393904223177
              0.7667384046276523               0.4255903207868753
              0.7489704920562110               0.4082979131121990
              0.7117640537004603               0.4654709502630772
              0.7396478218567835               0.4736241913883393
              0.7092552570537956               0.2563920770291146
              0.7419397775898928               0.2098676763327246
              0.5331350098585286               0.1923315977865732
              0.4941561130117279               0.2228166850249304
              0.5899137531720523               0.3622954084021985
              0.5533352843280884               0.3657687587458630
              0.5378422171434381               0.3464094243015634
              0.5923259406004894               0.1966884454451827
              0.5588380364831745               0.2102989457771773
              0.6469145872467890               0.1616803085480489
              0.6992218330808645               0.1605424025359205
              0.6868095140162267               0.1494302669847200
              0.6958851876248550               0.2035228860658463
             -0.0000000000031463               0.9538890643680606
              0.0380565165733354               0.9611259757631841
             -0.0000000000038290               0.9203609827617378
              0.2816725523386178               0.6455225309361177
              0.2823097527429357               0.6911266340054866
              0.2678518578588924               0.6047602060831530
              0.2243455919961881               0.6073907340273096
              0.2362831236178309               0.5975456796792148
              0.2790289770454689               0.6438887390520974
              0.0980666773624415               0.6451207214313706
              0.1149764551833654               0.8087825598057965
              0.1358464824895278               0.7849619126732540
              0.2123931928225723               1.0000000001158151
              0.9457100799543822               0.9504682424587597
              1.0000000001559854               0.9584638425742313
              1.0000000001222826               0.9584638425332492
              0.8787276533817114               0.9686607696144072
              0.8792055218114729               1.0000000001155791
              0.8792055218150711               1.0000000001203919
              0.9032778403062831               0.9453662889181927
              0.9400149708483682               0.9550708758542144
              0.7857536736662677               0.9127844246191558
              0.7967455014699263               0.8958556463412799
              0.7924968156558273               0.9442307733114533
              0.8346541237281809               0.8951925549650102
              0.8484032601365125               0.9155034938648968
              0.8414638499981116               0.9449616924715368
              0.8200145373229059               0.9572300850225366
              0.8821111892480645               0.7535590172411606
              0.8948191379558675               0.7932950797967606
              0.8846624697514401               0.8093672952072956
              0.8014310062261449               0.8384829774678193
              0.8311864367048188               0.8374028478726397
              0.8463705110890892               0.8099218169408523
              0.7804385913868175               0.8059232764725294
              0.7626809737730181               0.9663241782613572
              0.7627222356538732               1.0000000001192868
              0.7061341975411631               1.0000000001192868
              0.7309305439591804               0.9442491554321371
              0.7081557887289252               0.9548855162758052
              0.7536188698882849               0.6985692179414623
              0.7415517712094105               0.6924769854323533
              0.7607741603655767               0.7445654819658813
              0.7338122741720063               0.7613602138829649
              0.6008968692290162               1.0000000001166356
              0.6018891976405140               0.9636747531585758
              0.6562767277825993               1.0000000001166356
              0.5837874317187053               0.9084835604861026
              0.5725957603530637               0.9437967169634454
              0.6823698747678744               0.9416126896058175
              0.6793808661324156               0.9035229592551673
              0.6539628845557596               0.9577094230509184
              0.6307116838960616               0.9461104424522530
              0.6255698707895031               0.9119544240284316
              0.6366128676348928               0.8986496151437720
              0.6440591725195598               0.8121704225195836
              0.6735407403687678               0.7909120838626590
              0.6248009975597617               0.6712298428836823
              0.6332307555763487               0.6979769941395353
             -0.0000000000040389               0.5792601423593953
             -0.0000000000041520               0.5792601423595034
             -0.0000000000033433               0.5275682972971137
             -0.0000000000040389               0.5275682972976719
              0.1349236809492047               0.5989487341943511
              0.1556759643074010               0.5713028819181247
              1.0000000001235738               0.1431469853661183
              1.0000000001235738               0.0994681030203622
              1.0000000001002725               0.0994681029978753
              0.9573760535693362               0.0951862336450822
              1.0000000001332270               0.1826512836932086
              0.9059947070908464               0.3523684981690777
              0.5462152114698541              -0.0000000000049266
              0.5967642244663733              -0.0000000000043744
              0.8967075445373298              -0.0000000000034599
              0.9500613915849865              -0.0000000000034599
              0.9485903485724835               0.0322978676507685
              0.8980646857964998               0.0387568776382667
              0.9157052340384300               0.0482850828486564
              0.3357970958851585               0.2555617518126785
              0.2830110807805174               0.1510242852980925
              0.2297379816063465               0.1387039571952248
              0.2530977039442316               0.1283841409788964
              0.1975912912883754               0.0957702113207216
              0.1625438947953431               0.0728351734577393
              0.1626188176887866               0.0544630596892319
              0.2586189658523033               0.0992929126005190
              0.2253612437119457               0.0744724913744386
              0.4123788812973294               0.2882061456780819
              0.3897020564344369               0.3051776330674122
              0.3665483910604090               0.2993439765335352
              0.4075645982594690               0.2520670591200376
              0.3521987669599235               0.2569608903612653
              0.3709082957949909               0.2414356711394805
              0.3612251571936816               0.0461502126893662
              0.4028647910005980               0.0522251347951592
              0.3590739721820680              -0.0000000000039446
              0.4140920899165590              -0.0000000000039446
              0.4984616405852291               0.0405319158418064
              0.5060136015719399              -0.0000000000034035
              0.4595464724515723               0.0467818510666579
              0.4463141091345698              -0.0000000000034035
              0.9443746042726098               0.4063579785375372
              0.9475806680555403               0.4043051380926374
              1.0000000001545610               0.4527738622166343
              1.0000000001545610               0.4141028159193380
              1.0000000001118179               0.4141028158695492
              1.0000000001211973               0.5056678258570131
              1.0000000001211973               0.4527738622538855
              1.0000000001376228               0.8589311603023104
              1.0000000001371809               0.8589311603018159
              1.0000000001494254               0.8084445863333130
              1.0000000001371809               0.8084445863475140
              0.9114388730816032               0.5027241795446760
              0.8959209205120596               0.4837609335962695
              0.9479476224495854               0.4994911359999961
              0.9059134380165021               0.4509672000636886
              0.9373921971355041               0.4424899612591781
              0.9535987629612471               0.4590420644269930
              0.1250244758246325               0.4474495215218141
              0.1867515088759447               0.4583510625044314
              0.1869044871421544               0.4382421403327405
              0.2336043404035882               0.5601209412450159
              0.2458780778975603               0.5490207021978458
              0.1905253719680609               0.5212589953213556
              0.1975682814960479               0.5527874462825267
              0.2789671838679825               0.5550174665744582
              0.3143471585048752               0.5853523740868249
              0.2917984614638952               0.5809067143202404
              0.2191619791918441               0.4762405971936015
              0.2211275473293580               0.5018198591144130
              0.2427527082399137               0.5145703731806472
              0.1379337349921211               0.5440530513099023
              0.0909109106871862               0.5021995063146141
              0.0484598042249060               0.5016520188662532
              0.0823774786883781               0.4959489178571999
             -0.0000000000037247               0.4058894432189266
              0.2186350027057059               0.4174894973213663
              0.3387695653372027               0.3200332208279447
              0.3460924398310830               0.3529832622549829
              0.3206657625275996               0.3736612588406892
              0.1702013473044543               0.1579344200370775
              0.4766462692476280               0.4923985382090595
              0.4743452295506210               0.5244461322706296
              0.4335374413746844               0.4838893791869647
              0.4143318868978828               0.5126379405976997
              0.4363142533391917               0.5432371596237204
              0.4360851928224340               0.3854807703455941
              0.4582559752274160               0.3983322033507846
              0.4481452565038251               0.3357403037711337
              0.4312743337135752               0.3521803539993112
              0.4893596503785069               0.3845242060324330
              0.4851316596491220               0.3395367425239050
              0.4947732441902526               0.3514187822164865
              0.7296870218645541               0.4085748783593703
              0.7021507187995214               0.3701561229924117
              0.6712543287986439               0.3814902900652756
              0.6781420439820658               0.4290578652728308
              0.7025355644058164               0.4379485750397883
              0.6797622764337888               0.3122219146479177
              0.6812559068254163               0.2662061274350728
              0.7669191974061849               0.3650603572513850
              0.7954610064958823               0.3676181050053051
              0.7525190872313280               0.1792090849428919
              0.7494244658027637               0.1346675120552380
              0.7396505530195164               0.1562419010070797
              0.7653824960815606               0.2317567393764338
              0.5460389319771644               0.3127299603136950
              0.5743137727564366               0.3020451929517564
              0.5740211877799508               0.2599140465941527
              0.5569272976277054               0.2478348049484894
              0.4636236250764243               0.2475577329914078
              0.4940861654888823               0.2233155129010714
              0.4660346780639061               0.2778523605783207
              0.5252429893537619               0.2573634220390956
              0.4977422186071359               0.2941262240730918
              0.5144872369569975               0.2883197525866080
              0.6111408462397397               0.2092165011086106
              0.6625049188217927               0.2124928438344961
              0.6438055235143247               0.1988915439253464
              0.6598888510741142               0.2535662363142958
              0.6090841964194931               0.2488193126986011
              0.6303308058711926               0.2644493409372032
             -0.0000000000044498               0.9538890643666161
             -0.0000000000044498               0.9203609827625163
             -0.0000000000038290               0.8773243064637675
              0.1468275429413357               0.6274506947398996
              0.1308495336408831               0.6464007036775012
              0.1715699929859556               0.6293992970425650
              0.1210473021605634               0.7514343653100517
              0.2220867359617865               0.7743782255846990
              0.2786675569029619               0.7519450835728674
              0.2642920614084591               0.7810311760706570
              0.1660110384231057               1.0000000001040346
              0.2123931928110043               1.0000000001040346
              0.2981751738079546               1.0000000001101634
              0.2981751737896756               1.0000000001271552
              0.2548878020864502               0.9581976719975239
              0.2570068164271220               1.0000000001271554
              0.2570068164148054               1.0000000001158151
              0.3016709578332319               0.9546134279280918
              0.2808688561035707               0.9446922211467000
              1.0000000001559854               1.0000000001147797
              0.9391601352979365               1.0000000001203917
              0.9391601353024109               1.0000000001147797
              0.7878543356114107               0.7521508154314750
              0.7991145638709108               0.7776053656822175
              0.8318729544289202               0.7818571657461842
              0.8550027138358482               0.7499077718712820
              0.8126048966305378               0.7207934674381812
              0.8381806799866333               0.7217114552563213
              0.7085130540485882               0.7088074701389889
              0.6825810045076856               0.6946074809967253
              0.6589208570263982               0.7073590350013214
              0.7083945094018010               0.7435396866129181
              0.6698018238185934               0.7589490289947670
              0.6610095591271399               0.7523138141449294
              0.5795528371723214               0.6346840204721892
              0.5914537624199013               0.6652981569336811
              0.4673159547907539               0.5856840181332136
              0.4076970271429841               0.5742381511008554
              0.4344465952310619               0.5545297301702421
              0.3083151188886511               0.6413801397659020
              0.3352317097206927               0.6621343147093016
              0.3468473069124103               0.6598024967872318
              0.3253764654711991               0.6010748437422035
              0.3574316381969981               0.6066740053572791
              0.3661988036459636               0.6202972552813349
              0.2719284678678019               0.8015635212798679
              0.2525424063025049               0.8252412595689622
              0.0872026151101302               0.6077605627247770
              0.1019971231817145               0.5928075679571100
              0.0564808452451039               0.6050988022358770
              0.0427750303301961               0.5786955968593510
              0.0554436886751442               0.5537626124019163
              0.0866040054557287               0.5491017356257244
              0.0973376820359308               0.5569950599577659
              1.0000000001142517               0.1826512837153222
              0.8885353244566204               0.3409314831343206
              0.8849790154998848               0.3127374957348766
              0.8549280186832742               0.3589822767568965
              0.8496103745864071               0.2979796501199047
              0.8209412283008716               0.3299234646487904
              0.8215806162790845               0.3347788078679892
              0.9464472323705736               0.1332910728711153
              0.9515202841456383               0.1410014215696850
              0.8992510274452437               0.0993855341067206
              0.9064434864551038               0.1285196091214113
              0.8921766549472117               0.1474750745345430
              0.8719344306203306               0.0888090713186580
              0.8549258048203956               0.0972645841414747
              0.5967642244662271              -0.0000000000042336
              0.5462152114706811              -0.0000000000042336
              0.5960259149377690               0.0434553573935094
              0.5597736928421359               0.0572380926497208
              0.5509937567289493               0.0529238664670077
              0.2579831085801873               0.2870518874784425
              0.2792507615745542               0.2723880143191478
              0.3075391195947406               0.2829123743012159
              0.3151343268831728               0.3109779521266703
              0.2770492238422084               0.2381666269899514
              0.2800244090169765               0.1761780571345308
              0.3148026119348807               0.2027314084321542
              0.3101536096568158               0.2216283742449240
              0.2855433089054062               0.0850615968951786
              0.3138503329651982               0.1051928521178316
              0.3466340893983753               0.0876535484319534
              0.3473917218318039               0.0581573270562527
              0.3093194387995483              -0.0000000000039662
              0.3076107119728149               0.0421267387999611
              0.2883186713462997               0.0558029628395805
              0.2265328980078710               0.0556242018676855
              0.1906409537868766               0.0309284424350810
              0.2516284724843460               0.0359428746262248
              0.1910865976169997              -0.0000000000037935
              0.2522577352781742              -0.0000000000039662
              1.0000000001111413               0.5056678258661240
              0.9562462035156847               0.5073835918042128
              1.0000000001111413               0.5619889084336582
              0.9525411001424826               0.5534076208723974
              0.1669223154918806               0.4745984571096639
              0.1351373963192955               0.4680828615739021
              0.1167581404779694               0.4990813416698470
              0.1725908808556013               0.5132555416625930
              0.1423497332993058               0.5275726106395826
              0.1437531441766340               0.4175941509595780
              0.1616473539070077               0.4158342985552182
              0.1203707195062850               0.3885067874214519
              0.1375168470158140               0.3616694307413741
              0.2995443638821274               0.5224258444677524
              0.2749416749811656               0.4983516291620550
              0.0268634405151565               0.4675947540022903
             -0.0000000000033607               0.4058894432191825
             -0.0000000000033607               0.4675496414276559
              0.0925840334748763               0.4427208488927849
              0.0800142617007647               0.4540244916614624
              0.0457456365506745               0.4487749510424812
              0.0374814957104496               0.4072434873223533
              0.2131166749903476               0.3290789157682909
              0.2138586997471704               0.3871027433988208
              0.1814447031987112               0.3385425294611527
              0.1807378482931550               0.3784997087216921
              0.1717627643384342               0.3619903988288173
              0.6442394223767275               0.3501574896193355
              0.6565873730044184               0.3199766890566623
              0.6267837399413555               0.2951153802658873
              0.5996095800153517               0.3486773128105237
              0.5924976138092809               0.3121129154486172
              0.7339060254144655               0.2728699722263819
              0.7631500402949853               0.2567664560346297
              0.7888278746995353               0.3060694896585701
              0.7920654745213593               0.2770140823888035
              0.8463436033905627               0.1232455780689740
              0.8595766532062075               0.1469997894998463
              0.8020014515920794               0.1266284577076434
              0.7971552687585194               0.1341321342712473
              0.8007540165113830               0.2154457573889598
              0.8451245290083184               0.1724290766561197
              0.7965564314746902               0.1802035040635712
              0.8037226797433250               0.1706620669641503
              0.0532660675587546               0.9484494641877940
              0.0478754825322440               0.9158589086720582
             -0.0000000000034486               0.8773243064633940
             -0.0000000000039846               0.7782527059239475
             -0.0000000000040035               0.6821754703602073
             -0.0000000000040035               0.7312751513659816
              0.0902276335375393               0.8053512771116340
              0.0796875367148571               0.8132583850110818
              0.1720050717161517               0.7387276526210029
              0.1471621413173257               0.7302416749165701
              0.1439713063684476               0.6860281905805922
              0.1384258415067093               0.6940594381772459
              0.2175543561224529               0.8176703006046616
              0.2147734467964535               0.7816659015872109
              0.1645322543538431               0.7880496315722099
              0.1760325178606537               0.7769733734921720
              0.1277695347343429               0.8338723092086444
              0.1100767838145066               0.8625232909614251
              0.2227918358415331               0.7428833397668171
              0.1950876875262900               0.7244668245807496
              0.2530920717406282               0.7030478903311767
              0.2503597330771035               0.7277738478244551
              0.3173476336704460               0.9489885153880084
              0.3479664431465042               0.9689802554306306
              0.3245105322289856               0.9015631768777358
              0.3309457831788673               0.9159751540145231
              0.5991338735567618               0.8563480412922719
              0.5727184241248006               0.8901824994405398
              0.5243195690416745               0.6136708471435182
              0.5424137643290705               0.6381483792214782
              0.2944289695127398               0.7478168455874914
              0.3211059666984715               0.7647998070403039
              0.3073070633141343               0.7049629054524040
              0.3188550662117087               0.7016523567139969
              0.2883149573535102               0.8602555011338343
              0.2597296176754061               0.8531541088552785
              0.2763990563438649               0.9100440132756089
              0.2956580001297985               0.8940810532238874
              0.8582444069940554               0.2033752522920787
              1.0000000001418834               0.3154686997754024
              0.2903267436710716               0.3603156207655912
              0.2860710970869779               0.3338123792918553
              0.2616510156692505               0.3215048138281376
              0.2660184409161572               0.3813147343565960
              0.2302054416449374               0.3395650099307456
              0.2337535609191253               0.3689630245363101
              0.2522707607643878               0.1932716623536518
              0.2202739586942585               0.1750416092411709
              0.2097935625221239               0.1792671052035627
              0.2527214332307060               0.2243209546048368
              0.2269995489879023               0.2399201323573086
              0.2772222792292771               0.4746394882877072
              0.2706431130812748               0.4116593939095780
              0.2458241432686054               0.4554878548147503
              0.2442214588025764               0.4310383727607907
              0.3203108121278440               0.5213005639313305
              0.3703200367321138               0.5533080920325207
              0.3376226789965337               0.5487236761292349
              0.3868807091188068               0.5124781952233965
              0.0423726660709089               0.4031733917151902
              0.0484784839508190               0.3606506683762635
              0.0802920445607838               0.3568571687864659
              0.0996413481650806               0.3897468574955261
              0.0854081159073586               0.4073516391879178
             -0.0000000000037247               0.3461520504002131
             -0.0000000000037618               0.2846938640365790
              0.0455897010985718               0.1718668602007493
              0.0569143033700031               0.1908606124969322
             -0.0000000000039314               0.1731028274067095
             -0.0000000000041725               0.1731028274069292
              0.0382646606906525               0.2278537919194738
             -0.0000000000041725               0.2261918648909208
             -0.0000000000037618               0.2261918648912654
              0.7338096838087653               0.2989640267848839
              0.7091346087154524               0.3559490171480210
              0.6973704815309565               0.3206404433732771
              0.7555233678910018               0.3502758181324054
              0.7601107142482995               0.3194691020554405
              0.0521327921657731               0.9087704853673532
              0.0845299518443495               0.9029363362801450
              0.0389069164569016               0.8753278032114862
              0.0479710066056035               0.8599893042039251
              0.0934540479527644               0.8656441690076550
              0.0784640296416925               0.8546881043568836
              0.1005253499562336               0.9178866825854185
              0.0313775288708708               0.8291432914764918
              0.0472457113156211               0.8088800442322970
             -0.0000000000034109               0.7782527059244642
              0.0366344232036222               0.7808121802552144
             -0.0000000000034486               0.8292850231043438
              0.0428269624481693               0.7313762259057397
              0.0529528055107708               0.7603471827677102
              0.1026932072428412               0.7481049476612190
              0.0825547251270377               0.7652833983489549
              0.1785621806329008               0.6797548687244761
              0.1976461820556712               0.7007343749824100
              0.1873246750698226               0.6527053292946381
              0.2334140388153197               0.6868447765616821
              0.2253136086224067               0.6468780464695831
              0.2337396331763144               0.6542732638728278
              0.4505836025551840               1.0000000001213354
              0.5491355049137372               1.0000000001240941
              0.5491355049041808               1.0000000001331641
              0.4997397764320370               0.9575096274336274
              0.5017205161741428               1.0000000001331641
              0.5017205161622791               1.0000000001213354
              0.5509332215250724               0.9516051194899231
              0.5300711096938152               0.9409738460056687
              0.3080984086878060               0.8427282044879085
              0.3219080747539598               0.7923186999214734
              0.3017739228508121               0.8092499303773081
              0.4748371945662678               0.9447154598128628
              0.5720634063091686               0.6906708653875320
              0.4653395659789716               0.6003292395025870
              0.4921799709129465               0.6242026551760838
              0.8160179860522351               0.2256825465166857
              0.8526975269895515               0.2143537492333019
              0.8696885620969154               0.2522268138747004
              0.8449686360289395               0.2764097883209060
              0.8165980253123821               0.2637265308108511
              1.0000000001118179               0.3599389108574981
              1.0000000001356175               0.3599389108331093
              1.0000000001356175               0.3154686997832348
              0.9592106226338794               0.3639593569832270
              0.9408352469871528               0.3420475322460099
              0.9484719509096086               0.3169230670850616
              0.8943710735688591               0.2553940223789936
              0.9070623613710515               0.2904845570623340
              0.9379822518956770               0.2952459724293958
              1.0000000001418834               0.2729214238453752
              0.1217015711460730               0.3327947542726559
              0.0937832163225358               0.3334501634069384
              0.3025142975575594               0.4584402655440495
              0.2961008771563747               0.4221684882453590
              0.3243567768592974               0.4023094928841596
              0.3515651285406048               0.4165002893009284
             -0.0000000000035357               0.2846938640367446
              0.0327198951106885               0.3455532889011643
             -0.0000000000035357               0.3461520504000802
              0.1968098934070986               0.2278452089577820
              0.1927532311785308               0.2171976022706216
              0.1391172618849434               0.8880229202797006
              0.1370164549362847               0.9070842008565653
              0.1473669731712274               0.9192508816280295
              0.1420765246295249               0.9530268995637250
              0.1660110384219434               1.0000000001027316
              0.1658263276050264               0.9671399194596207
              0.0793407077238503               0.9574015011583668
              0.0976473051296696               0.9477824499397804
              0.1224155563401092               0.9615507714992211
              0.0793890668131355               1.0000000001175757
              0.0793890668128688               1.0000000001173435
              0.1197794412425801               1.0000000001175757
              0.1197794412576846               1.0000000001027316
              0.0537958268325641               0.7140511093516080
              0.0850116321616743               0.6608724547004662
              0.0983141650619402               0.6973784585583164
              0.0886814119885550               0.7117151230236586
              0.0397420203959610               0.6818500459561667
              0.0540449553520750               0.6607400433801190
              0.3808161897699672               0.8838842202644662
              0.3450471827624669               0.8726684759242999
              0.3390354451452329               0.8514153499290218
              0.3998670981853646               1.0000000001137035
              0.3998670981761980               1.0000000001028455
              0.4505836025481582               1.0000000001137035
              0.4494141692754143               0.9608778752359213
              0.6167132370047130               0.8012199302121068
              0.5885325875387334               0.8315247639288708
              0.6070427057854220               0.7236165827047158
              0.5849547551438823               0.7197460666860666
              0.6228644760426065               0.7563143292868659
              0.6093442544161473               0.7787125115464753
              0.4152960976272532               0.6110338376902945
              0.4394422016916547               0.6176536496076536
              0.3952473136733781               0.6268803916290920
              0.4836996678129549               0.6592714184639439
              0.4472219843520365               0.6562384361456477
              0.9138617864906030               0.2345132446132212
              0.9527659602698041               0.1868719116343188
              0.9448224051195386               0.1786449047096408
              0.9071160028242482               0.1828756700410898
              0.8984426950811684               0.1972191707845797
              0.9538507479448614               0.2705578929155812
              1.0000000001302398               0.2729214238314385
              0.9533976644763054               0.2257964570503311
              0.9433645264339378               0.2365517858845873
              1.0000000001142517               0.2292506095500862
              1.0000000001302398               0.2292506095682079
              0.0957074280940294               0.2777579221205956
              0.0534479656103498               0.2488142398857832
              0.0797989712086001               0.2509105889695714
              0.0769958698195779               0.3064371988221521
              0.0336433266312882               0.2854570301008659
              0.0505191344718600               0.3056672213636261
              0.3347060217361936               0.4991286358316801
              0.3225654201131871               0.4654220522838574
              0.3747283803276130               0.4982256215707047
              0.3809217859796681               0.4598149373729782
              0.3540275997143442               0.4429461213116933
              0.1814870756706781               0.2806595552381201
              0.1736514109664552               0.2606787874545300
              0.1412893205916242               0.2524866806327054
              0.1212688214868978               0.2793762421056681
              0.1603421182019977               0.3087797155383758
              0.1382225018994886               0.3088573742426618
              0.1327979956117796               0.2287429688309395
              0.1116190551917430               0.1688794076133114
              0.1472457954705860               0.1825232308989426
              0.1516828947999864               0.2040528805641661
              0.0896268952358614               0.1967513641688067
              0.1002144140207236               0.2221725783312720
              0.1642610537507317               0.8703964767897862
              0.2048978251545358               0.8297926747647452
              0.1717243208641693               0.8245530567441877
              0.1584299332912354               0.8377727160834058
              0.2453707235673123               0.9014736686807268
              0.2407236116355896               0.8716377808673486
              0.2098240582691544               0.8627090584354175
              0.1899465436061430               0.8802512541976479
              0.3983769991055980               0.9647984678084021
              0.3719239741913668               0.9515927487421346
              0.4196759518926467               0.9196491834226759
              0.4223527279894874               0.9478053245153955
              0.3689587941524848               0.9249656031315396
              0.3843459877966492               0.9081785209209555
              0.3991793199783092               0.8631465481193001
              0.5652235446296273               0.8251245152952752
              0.5246774712132047               0.9072757760553272
              0.5520292131993886               0.8854468605979104
              0.5373678829745693               0.8500551121329613
              0.5157034832006087               0.8447928194614117
              0.4725380384644855               0.9149689469838255
              0.4956013425879582               0.8958449234348040
              0.4910168086481460               0.8681800472669531
              0.4578899892790931               0.8550870117011172
              0.4391382016364631               0.9010289599204943
              0.4365178758297108               0.8787897590997438
              0.4014195317538005               0.6608318886953833
              0.4310798407950722               0.6715786435588444
              0.3763582228852761               0.6787860360947764
              0.2301578257074089               0.9154241920734374
              0.2329930901917614               0.9483746770012410
              0.1840647922409812               0.9195910112865689
              0.1942210369922765               0.9076255809696510
              0.2103679509531175               0.9615103023011127
              0.1896848096691427               0.9526670580825460
              0.3970738555221515               0.8436634432439888
              0.3781291056577322               0.7860371952680779
              0.3569621960644361               0.8076683784980393
              0.3595565230333435               0.8277496930909887
              0.4540758390168020               0.8363909444655288
              0.4162408524171515               0.8220192115649989
              0.4136111048366107               0.8002021445873323
              0.3771389523149867               0.7026063727220015
              0.3492247115697775               0.7202330329386285
              0.3497481821342494               0.7476305714124631
              0.3753787938250155               0.7629778948049888
              0.4334722156367892               0.6948781218178260
              0.4058997545629066               0.7405418834491359
              0.4028348362401279               0.7188740596233946
              0.5043282685813528               0.8159049764200690
              0.4736826321408334               0.8096818004409355
              0.4314111874727805               0.7815025493814551
              0.4269685983944758               0.7532959946066968
              0.4658456756640612               0.7900378960525343
              0.4638407559432445               0.7155685059223741
              0.4615746464547027               0.7338573381294867
              0.4832560179320842               0.7603424119005920
              0.4895455279545753               0.6669400719930852
              0.4845961491902657               0.7025356825592736
              0.5221291903971803               0.7208158468175598
              0.5315853315192320               0.6667948509928026
              0.5430013463044558               0.6866258174837090
              0.5254400344788664               0.7327760813753443
              0.5083009268198020               0.7590812040024733
              0.5629169551984844               0.7440925126798174
              0.5695466675230682               0.7715399140296682
              0.5524097941090291               0.7924191538315848
              0.5250881250532445               0.7899256646220300
400
780 781 779 782 784 783 
595 680 681 678 677 593 
726 783 784 727 728 
829 767 766 859 860 856 848 
604 605 603 602 803 804 
236 238 234 235 237 
626 627 614 615 612 470 471 
353 357 356 352 351 189 
187 31 34 192 191 186 
619 487 488 702 863 862 
714 715 712 711 710 713 
831 806 626 471 467 832 
830 828 829 848 850 844 
126 125 286 284 
33 36 104 105 193 194 
339 338 337 336 515 514 
822 823 818 697 693 701 
50 48 47 42 43 4 
369 202 342 522 525 200 368 
235 234 355 354 71 232 
535 536 199 31 187 188 
430 258 578 663 665 429 
837 842 841 825 827 816 
518 517 514 515 770 771 
504 505 506 501 500 502 503 
750 816 827 826 812 815 
696 319 316 315 140 691 
13 14 293 292 136 135 
166 164 163 165 167 168 
725 252 78 77 788 789 
708 707 716 717 509 511 
569 635 633 642 644 407 
127 124 123 126 284 291 290 
526 527 528 529 631 632 
121 490 763 765 497 496 
677 678 676 675 679 
865 864 866 867 868 869 
752 840 837 816 750 751 
115 174 175 114 117 116 
129 130 206 205 123 124 
522 521 523 524 525 
610 275 622 620 461 611 
5 51 50 4 39 38 
2 69 70 66 656 658 
809 808 807 806 831 834 
113 168 167 434 435 268 269 
591 668 669 674 738 737 590 
268 435 433 259 102 270 
689 279 274 275 610 687 
765 763 764 767 829 828 
350 188 187 186 532 531 
793 792 791 790 794 795 
533 532 186 191 363 362 349 
324 325 321 320 322 323 
333 332 147 504 503 330 
318 324 323 316 319 
796 799 730 729 791 792 
497 765 828 830 494 
843 853 855 852 841 842 
431 432 61 60 254 255 
603 460 462 498 499 602 
191 192 195 196 361 363 
587 583 518 771 772 628 
784 782 721 651 650 727 
662 660 780 783 726 655 
574 429 665 664 425 426 246 573 
470 612 613 21 20 465 
208 211 49 48 50 51 
334 335 148 122 458 456 
150 9 82 84 153 
263 262 75 7 76 
412 74 26 151 243 413 
858 865 869 851 852 855 
551 550 553 554 552 
544 545 543 541 542 
321 142 135 136 309 310 320 
345 183 184 161 162 180 346 
152 153 84 83 487 619 618 
761 486 485 327 326 757 762 
117 114 113 269 267 112 
46 44 40 381 382 204 41 
751 750 815 814 615 614 
416 413 243 242 489 491 
565 564 389 551 552 403 405 
678 681 683 596 597 676 
441 442 444 446 445 443 
322 320 310 308 133 15 317 
287 290 291 474 473 289 288 
9 101 98 93 81 82 
455 592 670 668 591 273 
102 259 436 579 578 258 
554 553 394 395 148 335 402 
454 273 591 590 272 271 453 
24 25 749 748 594 
562 567 566 561 563 
803 602 499 625 807 808 
251 32 420 417 78 252 
641 722 786 785 645 559 560 
555 556 391 390 550 551 389 
577 575 574 573 576 
597 596 281 606 607 672 673 
18 305 302 14 13 17 
510 508 341 29 57 59 
756 701 693 695 690 755 
362 363 361 358 359 360 
812 826 822 701 756 813 
585 584 582 583 587 589 
693 697 696 691 692 694 695 
606 805 802 731 607 
394 400 401 393 392 395 
238 544 542 355 234 
621 846 847 838 839 699 
408 360 359 32 251 409 
820 817 758 616 617 819 
653 652 557 555 389 564 
94 95 85 214 215 87 86 
410 409 251 252 725 724 
759 329 483 486 761 
361 196 441 443 190 358 
136 292 294 306 309 
499 498 700 698 624 625 
598 609 608 460 603 605 
794 790 228 568 570 
205 380 379 12 125 126 123 
713 710 376 373 
301 300 41 204 206 130 
841 852 851 821 824 825 
736 836 835 464 463 735 
366 367 365 364 
433 588 586 436 259 
57 29 372 387 386 221 
303 304 301 130 129 128 
372 373 376 375 374 378 388 387 
233 232 71 240 241 72 
672 607 731 732 674 669 
798 411 638 730 799 
392 393 396 398 276 278 
143 19 18 17 145 
640 639 530 527 526 229 
316 323 322 317 315 
391 407 644 643 399 390 
266 265 447 451 439 440 
195 194 193 261 442 441 196 
224 227 5 38 54 53 
679 675 671 670 592 
845 844 850 849 847 846 
791 729 640 229 228 790 
272 590 737 741 120 119 
177 347 348 182 516 519 
359 358 190 419 420 32 
863 702 760 866 864 861 
230 237 235 232 233 231 
524 523 115 116 108 
648 415 416 491 490 121 646 
81 93 94 86 79 
659 658 656 657 660 662 661 
331 330 503 502 25 24 149 
414 412 413 416 415 
90 88 62 64 52 
138 137 139 312 481 482 
437 438 577 576 262 263 264 
122 277 688 686 458 
452 450 430 429 574 575 
68 230 231 70 69 
87 215 218 139 137 
367 3 201 371 370 35 197 365 
423 264 263 76 247 421 
28 178 177 519 520 156 
667 580 512 513 432 431 666 
769 507 777 775 
311 55 479 475 313 
850 848 856 857 854 849 
856 860 861 864 865 858 857 
445 446 437 264 423 422 
401 560 559 396 393 
420 419 422 423 421 418 417 
733 833 836 736 734 
247 76 7 8 6 249 
197 35 103 104 36 198 
675 676 597 673 671 
538 185 30 366 364 537 539 
657 800 801 781 780 660 
107 108 116 117 112 111 11 
228 229 526 632 634 568 
439 451 452 575 577 438 
622 623 845 846 621 620 
215 214 213 216 217 218 
306 294 298 131 132 134 307 
782 779 793 795 720 721 
78 417 418 248 73 77 
403 552 554 402 506 505 
670 671 673 672 669 668 
243 151 150 153 152 242 
571 569 407 391 556 
92 256 257 91 85 95 
271 272 119 118 
506 402 335 334 501 
60 61 59 57 221 220 58 
62 63 65 225 223 64 
835 832 467 469 283 464 
851 869 868 817 820 821 
200 525 524 108 107 109 110 
634 632 631 630 633 635 
299 37 45 46 41 300 
636 531 532 533 530 639 
341 714 713 373 372 29 
267 269 268 270 448 449 
521 343 169 174 115 523 
442 261 260 266 440 444 
257 253 89 88 90 91 
686 688 689 687 685 684 
404 405 403 505 504 147 
199 198 36 33 34 31 
683 682 459 282 281 596 
537 364 365 197 198 199 536 
515 336 154 340 507 769 770 
758 757 326 144 141 616 
702 488 328 329 759 760 
73 248 250 74 412 414 
764 703 704 766 767 
839 838 843 842 837 840 
179 176 344 347 177 178 
788 77 73 414 415 648 787 
245 246 426 427 244 
23 67 236 237 230 68 22 
601 600 684 685 609 598 599 
680 744 747 682 683 681 
747 746 601 599 459 682 
71 354 353 189 239 240 
190 443 445 422 419 
805 804 803 808 809 802 
859 862 863 861 860 
447 449 448 450 452 451 
159 179 178 28 27 
578 579 581 580 667 663 
43 42 44 46 45 
644 642 723 722 641 643 
833 834 831 832 835 836 
516 182 181 339 514 517 
344 345 346 348 347 
495 496 497 494 493 492 
800 797 798 799 796 801 
459 599 598 605 604 282 
594 748 744 680 595 
254 60 58 89 253 
436 586 705 709 581 579 
383 385 547 549 209 203 
700 699 839 840 752 698 
854 857 858 855 853 
262 576 573 246 245 75 
96 244 427 428 256 92 97 
291 284 286 285 472 474 
616 141 325 324 318 617 
39 4 43 45 37 
772 771 770 769 775 776 768 
180 162 338 339 181 
541 543 540 534 356 357 
776 775 777 778 774 773 
66 72 241 797 800 657 656 
432 513 510 59 61 
748 749 745 746 747 744 
520 519 516 517 518 583 582 
141 144 146 142 321 325 
99 96 97 98 101 100 
250 249 6 1 26 74 
104 103 110 109 106 105 
109 107 11 10 106 
173 158 157 164 166 171 
444 440 439 438 437 446 
608 611 461 462 460 
814 815 812 813 810 811 
169 170 172 173 171 175 174 
35 370 368 200 110 103 
500 501 334 456 457 280 
213 52 64 223 222 216 
705 706 707 708 709 
624 698 752 751 614 627 
550 390 399 400 394 553 
217 216 222 224 53 56 
528 349 362 360 408 529 
356 534 535 188 350 352 
296 127 290 287 297 
298 297 287 288 131 
467 471 470 465 466 468 469 
706 628 772 768 716 707 
651 721 720 558 557 652 
54 38 39 37 299 478 480 
163 27 28 156 155 165 
490 491 489 703 764 763 
720 795 794 570 572 558 
561 566 565 405 404 
239 189 351 637 638 411 
435 434 585 589 588 433 
489 242 152 618 704 703 
418 421 247 249 250 248 
509 717 718 715 714 341 508 
399 643 641 560 401 400 
558 572 571 556 555 557 
827 825 824 823 822 826 
633 630 410 724 723 642 
685 687 610 611 608 609 
530 533 349 528 527 
781 801 796 792 793 779 
241 240 239 411 798 797 
647 646 121 496 495 397 
209 549 548 212 210 211 208 207 
128 129 124 127 296 295 
310 309 306 307 308 
868 867 762 757 758 817 
277 278 276 279 689 688 
807 625 624 627 626 806 
563 561 404 147 332 
89 58 220 219 63 62 88 
448 270 102 258 430 450 
314 313 475 476 305 18 19 
559 645 647 397 398 396 
157 160 159 27 163 164 
704 618 619 862 859 766 
739 734 736 735 743 
219 384 383 203 65 63 
148 395 392 278 277 122 
274 492 493 623 622 275 
545 538 539 540 543 
588 589 587 628 706 705 586 
731 802 809 834 833 733 732 
485 484 314 19 143 327 
292 293 295 296 297 298 294 
665 663 667 666 664 
14 302 303 128 295 293 
326 327 143 145 146 144 
305 476 477 304 303 302 
786 789 788 787 785 
65 203 209 207 226 225 
818 819 617 318 319 696 697 
223 225 226 227 224 222 
348 346 180 181 182 
581 709 708 511 512 580 
34 33 194 195 192 
866 760 759 761 762 867 
371 369 368 370 
7 75 245 244 96 99 8 
457 456 458 686 684 600 
26 1 100 101 9 150 151 
105 106 10 260 261 193 
155 156 520 582 584 
10 11 111 265 266 260 
570 568 634 635 569 571 572 
674 732 733 734 739 738 
328 16 138 482 483 329 
351 352 350 531 636 637 
847 849 854 853 843 838 
428 424 255 254 253 257 256 
483 482 481 484 485 486 
631 529 408 409 410 630 
85 91 90 52 213 214 
613 811 810 754 21 
25 502 500 280 745 749 
146 145 17 13 135 142 
425 664 666 431 255 424 
567 649 653 564 565 566 
481 312 311 313 314 484 
737 738 739 743 742 740 741 
386 387 388 385 383 384 
511 509 508 510 513 512 
82 81 79 80 83 84 
477 478 299 300 301 304 
650 651 652 653 649 
638 637 636 639 640 729 730 
654 728 727 650 649 567 562 406 
175 171 166 168 113 114 
723 724 725 789 786 722 
139 218 217 56 55 311 312 
6 8 99 100 1 
493 494 830 844 845 623 
716 768 776 773 718 717 
55 56 53 54 480 479 
824 821 820 819 818 823 
745 280 457 600 601 746 
70 231 233 72 66 
80 79 86 87 137 138 16 
426 425 424 428 427 
547 546 548 549 
388 378 377 546 547 385 
810 813 756 755 753 754 
355 542 541 357 353 354 
645 785 787 648 646 647 
220 221 386 384 219 
111 112 267 449 447 265 
98 97 92 95 94 93 
773 774 719 629 712 715 718 
461 620 621 699 700 498 462 
540 539 537 536 535 534 
276 398 397 495 492 274 279 
226 207 208 51 5 227 
167 165 155 584 585 434 
204 382 380 205 206 
281 282 604 804 805 606 
479 480 478 477 476 475 
615 814 811 613 612 
487 83 80 16 328 488 
146
2
3
12
15
20
21
22
23
24
30
40
42
44
47
48
49
67
68
69
118
119
120
125
131
132
133
134
140
149
154
157
158
159
160
161
162
169
170
172
173
176
179
183
184
185
201
202
210
211
212
236
238
271
273
283
285
286
288
289
307
308
315
317
330
331
332
333
336
337
338
340
342
343
344
345
366
367
369
371
374
375
376
377
378
379
380
381
382
406
453
454
455
463
464
465
466
468
469
472
473
474
507
521
522
538
544
545
546
548
562
563
592
593
594
595
629
654
655
658
659
661
662
677
679
690
691
692
694
695
710
711
712
719
726
728
735
740
741
742
743
753
754
755
774
777
778
