225
              0.0000000000000000               0.0000000000000000
              0.0000000000000000               0.0714285714285714
              0.0000000000000000               0.1428571428571428
              0.0000000000000000               0.2142857142857143
              0.0000000000000000               0.2857142857142857
              0.0000000000000000               0.3571428571428571
              0.0000000000000000               0.4285714285714285
              0.0000000000000000               0.5000000000000000
              0.0000000000000000               0.5714285714285714
              0.0000000000000000               0.6428571428571429
              0.0000000000000000               0.7142857142857143
              0.0000000000000000               0.7857142857142857
              0.0000000000000000               0.8571428571428572
              0.0000000000000000               0.9285714285714286
              0.0000000000000000               1.0000000000000000
              0.0714285714285714               0.0000000000000000
              0.0714285714285714               0.0714285714285714
              0.0714285714285714               0.1428571428571428
              0.0714285714285714               0.2142857142857143
              0.0714285714285714               0.2857142857142857
              0.0714285714285714               0.3571428571428571
              0.0714285714285714               0.4285714285714285
              0.0714285714285714               0.5000000000000000
              0.0714285714285714               0.5714285714285714
              0.0714285714285714               0.6428571428571429
              0.0714285714285714               0.7142857142857143
              0.0714285714285714               0.7857142857142857
              0.0714285714285714               0.8571428571428572
              0.0714285714285714               0.9285714285714286
              0.0714285714285714               1.0000000000000000
              0.1428571428571428               0.0000000000000000
              0.1428571428571428               0.0714285714285714
              0.1428571428571428               0.1428571428571428
              0.1428571428571428               0.2142857142857143
              0.1428571428571428               0.2857142857142857
              0.1428571428571428               0.3571428571428571
              0.1428571428571428               0.4285714285714285
              0.1428571428571428               0.5000000000000000
              0.1428571428571428               0.5714285714285714
              0.1428571428571428               0.6428571428571429
              0.1428571428571428               0.7142857142857143
              0.1428571428571428               0.7857142857142857
              0.1428571428571428               0.8571428571428572
              0.1428571428571428               0.9285714285714286
              0.1428571428571428               1.0000000000000000
              0.2142857142857143               0.0000000000000000
              0.2142857142857143               0.0714285714285714
              0.2142857142857143               0.1428571428571428
              0.2142857142857143               0.2142857142857143
              0.2142857142857143               0.2857142857142857
              0.2142857142857143               0.3571428571428571
              0.2142857142857143               0.4285714285714285
              0.2142857142857143               0.5000000000000000
              0.2142857142857143               0.5714285714285714
              0.2142857142857143               0.6428571428571429
              0.2142857142857143               0.7142857142857143
              0.2142857142857143               0.7857142857142857
              0.2142857142857143               0.8571428571428572
              0.2142857142857143               0.9285714285714286
              0.2142857142857143               1.0000000000000000
              0.2857142857142857               0.0000000000000000
              0.2857142857142857               0.0714285714285714
              0.2857142857142857               0.1428571428571428
              0.2857142857142857               0.2142857142857143
              0.2857142857142857               0.2857142857142857
              0.2857142857142857               0.3571428571428571
              0.2857142857142857               0.4285714285714285
              0.2857142857142857               0.5000000000000000
              0.2857142857142857               0.5714285714285714
              0.2857142857142857               0.6428571428571429
              0.2857142857142857               0.7142857142857143
              0.2857142857142857               0.7857142857142857
              0.2857142857142857               0.8571428571428572
              0.2857142857142857               0.9285714285714286
              0.2857142857142857               1.0000000000000000
              0.3571428571428571               0.0000000000000000
              0.3571428571428571               0.0714285714285714
              0.3571428571428571               0.1428571428571428
              0.3571428571428571               0.2142857142857143
              0.3571428571428571               0.2857142857142857
              0.3571428571428571               0.3571428571428571
              0.3571428571428571               0.4285714285714285
              0.3571428571428571               0.5000000000000000
              0.3571428571428571               0.5714285714285714
              0.3571428571428571               0.6428571428571429
              0.3571428571428571               0.7142857142857143
              0.3571428571428571               0.7857142857142857
              0.3571428571428571               0.8571428571428572
              0.3571428571428571               0.9285714285714286
              0.3571428571428571               1.0000000000000000
              0.4285714285714285               0.0000000000000000
              0.4285714285714285               0.0714285714285714
              0.4285714285714285               0.1428571428571428
              0.4285714285714285               0.2142857142857143
              0.4285714285714285               0.2857142857142857
              0.4285714285714285               0.3571428571428571
              0.4285714285714285               0.4285714285714285
              0.4285714285714285               0.5000000000000000
              0.4285714285714285               0.5714285714285714
              0.4285714285714285               0.6428571428571429
              0.4285714285714285               0.7142857142857143
              0.4285714285714285               0.7857142857142857
              0.4285714285714285               0.8571428571428572
              0.4285714285714285               0.9285714285714286
              0.4285714285714285               1.0000000000000000
              0.5000000000000000               0.0000000000000000
              0.5000000000000000               0.0714285714285714
              0.5000000000000000               0.1428571428571428
              0.5000000000000000               0.2142857142857143
              0.5000000000000000               0.2857142857142857
              0.5000000000000000               0.3571428571428571
              0.5000000000000000               0.4285714285714285
              0.5000000000000000               0.5000000000000000
              0.5000000000000000               0.5714285714285714
              0.5000000000000000               0.6428571428571429
              0.5000000000000000               0.7142857142857143
              0.5000000000000000               0.7857142857142857
              0.5000000000000000               0.8571428571428572
              0.5000000000000000               0.9285714285714286
              0.5000000000000000               1.0000000000000000
              0.5714285714285714               0.0000000000000000
              0.5714285714285714               0.0714285714285714
              0.5714285714285714               0.1428571428571428
              0.5714285714285714               0.2142857142857143
              0.5714285714285714               0.2857142857142857
              0.5714285714285714               0.3571428571428571
              0.5714285714285714               0.4285714285714285
              0.5714285714285714               0.5000000000000000
              0.5714285714285714               0.5714285714285714
              0.5714285714285714               0.6428571428571429
              0.5714285714285714               0.7142857142857143
              0.5714285714285714               0.7857142857142857
              0.5714285714285714               0.8571428571428572
              0.5714285714285714               0.9285714285714286
              0.5714285714285714               1.0000000000000000
              0.6428571428571429               0.0000000000000000
              0.6428571428571429               0.0714285714285714
              0.6428571428571429               0.1428571428571428
              0.6428571428571429               0.2142857142857143
              0.6428571428571429               0.2857142857142857
              0.6428571428571429               0.3571428571428571
              0.6428571428571429               0.4285714285714285
              0.6428571428571429               0.5000000000000000
              0.6428571428571429               0.5714285714285714
              0.6428571428571429               0.6428571428571429
              0.6428571428571429               0.7142857142857143
              0.6428571428571429               0.7857142857142857
              0.6428571428571429               0.8571428571428572
              0.6428571428571429               0.9285714285714286
              0.6428571428571429               1.0000000000000000
              0.7142857142857143               0.0000000000000000
              0.7142857142857143               0.0714285714285714
              0.7142857142857143               0.1428571428571428
              0.7142857142857143               0.2142857142857143
              0.7142857142857143               0.2857142857142857
              0.7142857142857143               0.3571428571428571
              0.7142857142857143               0.4285714285714285
              0.7142857142857143               0.5000000000000000
              0.7142857142857143               0.5714285714285714
              0.7142857142857143               0.6428571428571429
              0.7142857142857143               0.7142857142857143
              0.7142857142857143               0.7857142857142857
              0.7142857142857143               0.8571428571428572
              0.7142857142857143               0.9285714285714286
              0.7142857142857143               1.0000000000000000
              0.7857142857142857               0.0000000000000000
              0.7857142857142857               0.0714285714285714
              0.7857142857142857               0.1428571428571428
              0.7857142857142857               0.2142857142857143
              0.7857142857142857               0.2857142857142857
              0.7857142857142857               0.3571428571428571
              0.7857142857142857               0.4285714285714285
              0.7857142857142857               0.5000000000000000
              0.7857142857142857               0.5714285714285714
              0.7857142857142857               0.6428571428571429
              0.7857142857142857               0.7142857142857143
              0.7857142857142857               0.7857142857142857
              0.7857142857142857               0.8571428571428572
              0.7857142857142857               0.9285714285714286
              0.7857142857142857               1.0000000000000000
              0.8571428571428572               0.0000000000000000
              0.8571428571428572               0.0714285714285714
              0.8571428571428572               0.1428571428571428
              0.8571428571428572               0.2142857142857143
              0.8571428571428572               0.2857142857142857
              0.8571428571428572               0.3571428571428571
              0.8571428571428572               0.4285714285714285
              0.8571428571428572               0.5000000000000000
              0.8571428571428572               0.5714285714285714
              0.8571428571428572               0.6428571428571429
              0.8571428571428572               0.7142857142857143
              0.8571428571428572               0.7857142857142857
              0.8571428571428572               0.8571428571428572
              0.8571428571428572               0.9285714285714286
              0.8571428571428572               1.0000000000000000
              0.9285714285714286               0.0000000000000000
              0.9285714285714286               0.0714285714285714
              0.9285714285714286               0.1428571428571428
              0.9285714285714286               0.2142857142857143
              0.9285714285714286               0.2857142857142857
              0.9285714285714286               0.3571428571428571
              0.9285714285714286               0.4285714285714285
              0.9285714285714286               0.5000000000000000
              0.9285714285714286               0.5714285714285714
              0.9285714285714286               0.6428571428571429
              0.9285714285714286               0.7142857142857143
              0.9285714285714286               0.7857142857142857
              0.9285714285714286               0.8571428571428572
              0.9285714285714286               0.9285714285714286
              0.9285714285714286               1.0000000000000000
              1.0000000000000000               0.0000000000000000
              1.0000000000000000               0.0714285714285714
              1.0000000000000000               0.1428571428571428
              1.0000000000000000               0.2142857142857143
              1.0000000000000000               0.2857142857142857
              1.0000000000000000               0.3571428571428571
              1.0000000000000000               0.4285714285714285
              1.0000000000000000               0.5000000000000000
              1.0000000000000000               0.5714285714285714
              1.0000000000000000               0.6428571428571429
              1.0000000000000000               0.7142857142857143
              1.0000000000000000               0.7857142857142857
              1.0000000000000000               0.8571428571428572
              1.0000000000000000               0.9285714285714286
              1.0000000000000000               1.0000000000000000
392
17 2 1 
1 16 17 
18 3 2 
2 17 18 
19 4 3 
3 18 19 
20 5 4 
4 19 20 
21 6 5 
5 20 21 
22 7 6 
6 21 22 
23 8 7 
7 22 23 
24 9 8 
8 23 24 
25 10 9 
9 24 25 
26 11 10 
10 25 26 
27 12 11 
11 26 27 
28 13 12 
12 27 28 
29 14 13 
13 28 29 
30 15 14 
14 29 30 
32 17 16 
16 31 32 
33 18 17 
17 32 33 
34 19 18 
18 33 34 
35 20 19 
19 34 35 
36 21 20 
20 35 36 
37 22 21 
21 36 37 
38 23 22 
22 37 38 
39 24 23 
23 38 39 
40 25 24 
24 39 40 
41 26 25 
25 40 41 
42 27 26 
26 41 42 
43 28 27 
27 42 43 
44 29 28 
28 43 44 
45 30 29 
29 44 45 
47 32 31 
31 46 47 
48 33 32 
32 47 48 
49 34 33 
33 48 49 
50 35 34 
34 49 50 
51 36 35 
35 50 51 
52 37 36 
36 51 52 
53 38 37 
37 52 53 
54 39 38 
38 53 54 
55 40 39 
39 54 55 
56 41 40 
40 55 56 
57 42 41 
41 56 57 
58 43 42 
42 57 58 
59 44 43 
43 58 59 
60 45 44 
44 59 60 
62 47 46 
46 61 62 
63 48 47 
47 62 63 
64 49 48 
48 63 64 
65 50 49 
49 64 65 
66 51 50 
50 65 66 
67 52 51 
51 66 67 
68 53 52 
52 67 68 
69 54 53 
53 68 69 
70 55 54 
54 69 70 
71 56 55 
55 70 71 
72 57 56 
56 71 72 
73 58 57 
57 72 73 
74 59 58 
58 73 74 
75 60 59 
59 74 75 
77 62 61 
61 76 77 
78 63 62 
62 77 78 
79 64 63 
63 78 79 
80 65 64 
64 79 80 
81 66 65 
65 80 81 
82 67 66 
66 81 82 
83 68 67 
67 82 83 
84 69 68 
68 83 84 
85 70 69 
69 84 85 
86 71 70 
70 85 86 
87 72 71 
71 86 87 
88 73 72 
72 87 88 
89 74 73 
73 88 89 
90 75 74 
74 89 90 
92 77 76 
76 91 92 
93 78 77 
77 92 93 
94 79 78 
78 93 94 
95 80 79 
79 94 95 
96 81 80 
80 95 96 
97 82 81 
81 96 97 
98 83 82 
82 97 98 
99 84 83 
83 98 99 
100 85 84 
84 99 100 
101 86 85 
85 100 101 
102 87 86 
86 101 102 
103 88 87 
87 102 103 
104 89 88 
88 103 104 
105 90 89 
89 104 105 
107 92 91 
91 106 107 
108 93 92 
92 107 108 
109 94 93 
93 108 109 
110 95 94 
94 109 110 
111 96 95 
95 110 111 
112 97 96 
96 111 112 
113 98 97 
97 112 113 
114 99 98 
98 113 114 
115 100 99 
99 114 115 
116 101 100 
100 115 116 
117 102 101 
101 116 117 
118 103 102 
102 117 118 
119 104 103 
103 118 119 
120 105 104 
104 119 120 
122 107 106 
106 121 122 
123 108 107 
107 122 123 
124 109 108 
108 123 124 
125 110 109 
109 124 125 
126 111 110 
110 125 126 
127 112 111 
111 126 127 
128 113 112 
112 127 128 
129 114 113 
113 128 129 
130 115 114 
114 129 130 
131 116 115 
115 130 131 
132 117 116 
116 131 132 
133 118 117 
117 132 133 
134 119 118 
118 133 134 
135 120 119 
119 134 135 
137 122 121 
121 136 137 
138 123 122 
122 137 138 
139 124 123 
123 138 139 
140 125 124 
124 139 140 
141 126 125 
125 140 141 
142 127 126 
126 141 142 
143 128 127 
127 142 143 
144 129 128 
128 143 144 
145 130 129 
129 144 145 
146 131 130 
130 145 146 
147 132 131 
131 146 147 
148 133 132 
132 147 148 
149 134 133 
133 148 149 
150 135 134 
134 149 150 
152 137 136 
136 151 152 
153 138 137 
137 152 153 
154 139 138 
138 153 154 
155 140 139 
139 154 155 
156 141 140 
140 155 156 
157 142 141 
141 156 157 
158 143 142 
142 157 158 
159 144 143 
143 158 159 
160 145 144 
144 159 160 
161 146 145 
145 160 161 
162 147 146 
146 161 162 
163 148 147 
147 162 163 
164 149 148 
148 163 164 
165 150 149 
149 164 165 
167 152 151 
151 166 167 
168 153 152 
152 167 168 
169 154 153 
153 168 169 
170 155 154 
154 169 170 
171 156 155 
155 170 171 
172 157 156 
156 171 172 
173 158 157 
157 172 173 
174 159 158 
158 173 174 
175 160 159 
159 174 175 
176 161 160 
160 175 176 
177 162 161 
161 176 177 
178 163 162 
162 177 178 
179 164 163 
163 178 179 
180 165 164 
164 179 180 
182 167 166 
166 181 182 
183 168 167 
167 182 183 
184 169 168 
168 183 184 
185 170 169 
169 184 185 
186 171 170 
170 185 186 
187 172 171 
171 186 187 
188 173 172 
172 187 188 
189 174 173 
173 188 189 
190 175 174 
174 189 190 
191 176 175 
175 190 191 
192 177 176 
176 191 192 
193 178 177 
177 192 193 
194 179 178 
178 193 194 
195 180 179 
179 194 195 
197 182 181 
181 196 197 
198 183 182 
182 197 198 
199 184 183 
183 198 199 
200 185 184 
184 199 200 
201 186 185 
185 200 201 
202 187 186 
186 201 202 
203 188 187 
187 202 203 
204 189 188 
188 203 204 
205 190 189 
189 204 205 
206 191 190 
190 205 206 
207 192 191 
191 206 207 
208 193 192 
192 207 208 
209 194 193 
193 208 209 
210 195 194 
194 209 210 
212 197 196 
196 211 212 
213 198 197 
197 212 213 
214 199 198 
198 213 214 
215 200 199 
199 214 215 
216 201 200 
200 215 216 
217 202 201 
201 216 217 
218 203 202 
202 217 218 
219 204 203 
203 218 219 
220 205 204 
204 219 220 
221 206 205 
205 220 221 
222 207 206 
206 221 222 
223 208 207 
207 222 223 
224 209 208 
208 223 224 
225 210 209 
209 224 225 
56
1
2
3
4
5
6
7
8
9
10
11
12
13
14
15
16
30
31
45
46
60
61
75
76
90
91
105
106
120
121
135
136
150
151
165
166
180
181
195
196
210
211
212
213
214
215
216
217
218
219
220
221
222
223
224
225
