870
             -0.0000000000051486               0.6703448793972109
             -0.0000000000038210              -0.0000000000036978
             -0.0000000000038210               0.0422869202258651
             -0.0000000000040637               0.0422869202261605
              0.7722570545481656               0.8076237905363316
              0.7902878391827031               0.7872957263161735
              0.8209145055255055               0.7828294460154868
              0.7690928146842507               0.7380151183382140
              0.8239379753004610               0.7841031021182244
             -0.0000000000077478               0.7673500993983476
              0.4038128352948557               0.7717330470342698
              0.1483411978422287               0.4364397489204200
              0.1552777743848962               0.5801930107860022
             -0.0000000000051520               0.5964121026908555
             -0.0000000000040637               0.0750051371450402
              0.8920398757072555               0.5614900366138816
              0.8619672956851131               0.5698209496721238
              1.0000000002078255               0.8116996684365803
              1.0000000002078255               0.8627077237120679
              0.9654951817288338               1.0000000000705072
              0.9670737042686069               0.9893216516714116
              0.8731351916393606               0.8687277088698738
              0.2928322902893895               0.4933324390026676
              0.0000000000000870               0.6703448793998146
              0.0000000000000870               0.7673500993821590
              0.4431695338456835               0.7288999239648452
              0.4673910065688929               0.6874615826049593
              0.4468881788904608               0.6998458835360855
              0.4175584515839200               0.7837188842975324
              0.4039908859689481               0.7737585462324102
              0.3851097251440442               0.7494153074699305
              0.3278839310433822               0.6129171937184676
              0.3325349738546953               0.6895550049580571
              0.3472284960652741               0.6816844261042364
              0.3525678150548617               0.6058083473613474
              0.3592406201277774               0.5314779041753950
              0.3684851654377304               0.5253765163794767
              0.6315455816673037               0.7692589107505134
              0.6274520423257998               0.7764821799326256
              0.4466023058453956               0.8387347118626460
              0.4160268560237154               0.8825835215143296
              0.7158850363779545               0.7965350205862666
              0.6865596432516643               0.7835930986874935
              0.7369963334749233               0.7710186425562877
              0.3322362523089595               0.9104379171333197
              0.3539949480169942               0.9422481048445777
              0.3171356781819677               0.9796469823230289
              0.0857621272213051               0.2161566006079007
              0.1600863961375870               0.4670589721849303
              0.1865801384438923               0.4103734241242993
              0.1532939922651282               0.4193761565588152
              0.1353389021213750               0.3831544588568414
              0.2123828187119770               0.4304166660910343
              0.1555488469075667               0.6443631606814736
              0.1706197183335217               0.6349697018647287
              0.3111761580263909               0.4623547229239701
              0.1981971343533454               0.3829734599438994
              0.1875059792373553               0.3636145589198417
              0.5648345503315980               0.2694574634331695
              0.0595880479839519               0.5634195523305892
              0.0810808815535169               0.5201089026549718
              0.0975575006233376               0.5887537290217922
              0.0681903147913464               0.5964337791562706
              0.0782471435854917               0.6033757375338212
              0.0834316994585421               0.6020326160412812
              0.0389274519726048               0.5463250117393377
              0.0550329795645546               0.5150632893996283
              0.1957851186836949               0.0637121644449472
              0.2182109444940827              -0.0000000000040915
              0.0450532344924852               0.0405988431194355
              0.6211945706272671               0.5736988932127455
              0.6361545642160699               0.5778773206220271
              0.7214003625272477               0.5524831824169564
              0.8391092997708450               0.5286973412168652
              0.7887899906267603               0.5395367293339720
              0.9547772587921449               0.6498354478970988
              0.8835087878128612               0.8205108696819529
              0.9359333358987421               0.8215969300009417
              0.9351759316588190               0.7712844625265609
              1.0000000001693008               0.8116996684072277
              0.9539381792631680               0.8081145926802366
              0.7126430820668479               1.0000000000918241
              0.9654951817032308               1.0000000001026916
              0.8409339610302153               0.8232240815364036
              0.8658141431503759               0.8350502930079239
              0.8664384804903801               0.8547953915309965
              0.7719494028106030               0.9597812549593916
              0.9559388084518072               0.9518026189283262
              0.9281672527002216               0.8944772083822031
              0.9201492210030072               0.8964657749648927
              0.2675845528440030               0.5002181835385334
              0.2389210274751926               0.4724514683577667
              0.2110617110907376               0.4712183834832209
              0.1988156921941707               0.4932474183711881
              0.1986275244701238               0.4797752692390344
              0.0677604200601919               0.6496000360761405
              0.0271036299789942               0.6751234509280731
              0.0476770497750185               0.7162230240004008
              0.0700995351576549               0.7256831114087604
              0.0759195173517064               0.7453471520834511
              0.3671356536021551               0.8096163584176330
              0.3406785753745838               0.8760769352634210
              0.3713321095216769               0.8598052662047345
              0.0640690483959956               0.8540254487961407
              0.0661848730182461               0.8086914468865901
              0.0491800633724007               0.7936749006605430
             -0.0000000000027906               1.0000000000877138
              0.0379299635127906               1.0000000000779343
              0.0379299635054643               1.0000000000877138
              0.4677373214013734               0.6869211561177562
              0.4114685922782013               0.6816922325962544
              0.3819027757202327               0.6898217712809890
              0.3676840156672380               0.6816730075751076
              0.6142976927906938               0.6350326882788521
              0.6290295400080860               0.7399893242084388
              0.5918640863100569               0.6941606991659887
              0.6380775342046683               0.6927472218258387
              0.5125236674078895               0.7390858696559975
              0.5750543469764314               0.7746760291078099
              0.4995956141534010               0.7772412495427630
              0.5004216452223190               0.7591922780848909
              0.4062406860339526               0.5299456273679701
              0.3869029868134522               0.5323141307271548
              0.6542057294528110               0.8995800591305287
              0.5994055244955944               0.9163018094804734
              0.6329634744090222               0.8034007502271570
              0.6623534696115906               0.8277546997576494
              0.6613558672998180               0.8248725797865271
              0.6407644866125335               0.8662251658372585
              0.4187140083450451               0.8907667513646470
              0.3768107633649938               0.9464332159080149
              0.5475547648598228               0.9287065173167448
              0.5767332991257114               1.0000000002066600
              0.5384616324259733               1.0000000002066600
              0.5104218599198043               0.8741197936261876
              0.5019089509031076               0.9058477475420004
              0.5469123924744409               0.9258595596454658
              0.4086054015294409               1.0000000002840790
              0.4086054013048781               1.0000000000942584
              0.3166061313543748               1.0000000000942584
              0.0861517055347667               0.4421015953501445
              0.3185495290842204               0.3255876612745626
              0.2233490115446951               0.3014360715077474
              0.2279747524478585               0.3256451659913032
              0.1690239105087392               0.1865700361117417
              0.1503957052622832               0.1173081892835105
              0.1247038370693256               0.2307686141742928
              0.1692613216119497               0.1875613335077807
              0.0744186299941009               0.2257007738276627
              0.0656127944047261               0.2544917332740916
              0.0795688596380160               0.2832993448973727
              0.0779356712392553               0.3453353986519355
              0.0560055693676071               0.3124885924298788
              0.1601318116231120               0.5701126728208366
              0.1536110370327554               0.5397013300858925
              0.1842272535671072               0.5245684910367884
              0.2356352585912746               0.4131867780899274
              0.2152782403410166               0.3843368502248818
              0.2551975924881449               0.3560172643727704
              0.2515247600203369               0.3541844954170935
              0.2056664306721730               0.7161905755860066
              0.2115042025947571               0.7532223231724958
              0.1653430276711188               0.7090479587866574
              0.1430992573181927               0.6714952432758264
              0.1065563432765545               0.6836207539329356
              0.1012378743053600               0.7007074317456674
              0.3674044750552783               0.5090644924066733
              0.3181382842399247               0.4625102590146200
              0.3313921669672567               0.3385001118281982
              0.5819637001758217               0.0652176177927335
              0.2940474779744178              -0.0000000000042702
              0.3565111105659918               0.0399575272801477
              0.3306600474453960               0.0612400931503692
              0.3504006483186355              -0.0000000000031510
              0.3504006483175007              -0.0000000000042702
              0.4693806485396006               0.2745585244011524
              0.6908720669711256               0.4323543039715971
              0.1349015515076001               0.5284450118276806
              0.1158915363419072               0.5287495276621653
              0.1584257280618666               0.4686614282947875
              0.0949641604183092               0.4858287992983977
              0.0962322478841686               0.5136470402310750
             -0.0000000000051520               0.5474456515078279
              0.3844057533359839               0.0455537286340462
              0.3896163007252752               0.0889633179947987
              0.2182109444949822              -0.0000000000027461
              0.2219666276898511               0.0285481839611101
              0.2663788053014298               0.0462528035273869
              0.2940474779736251              -0.0000000000027461
              0.2914366287681943               0.0231102053007384
              0.1816537099849769              -0.0000000000040915
              0.1953442209497729               0.0635539170764350
              0.0858586857213097               0.1979128665609098
              0.0653419717093876               0.1679605575901665
              0.1330354567067001               0.1510185491583761
              0.1345644686232120               0.1571981220745151
              0.0374378241436461               0.1160613790244316
              0.0401058555002996               0.0779415755386192
             -0.0000000000036722               0.0750051371456066
             -0.0000000000036722               0.1059618473204395
              0.0000000000000728               0.1059618473240106
              0.0379507984761966               0.1686857449925721
              0.0126422271827060               0.2079512406306153
              0.0000000000000671               0.2122700105792420
              0.0225873406225447               0.1500313847542142
              0.0000000000000728               0.1495259213258784
              0.6820340900573262               0.4532464489180184
              1.0000000000923734               0.5793467372977822
              1.0000000001004605               0.5793467373006743
              1.0000000001004605               0.6778942418825710
              1.0000000002480198               0.6778942420987882
              0.9397573061944178               0.3252938429606331
              0.9573174825847799               0.3489392348035757
              0.7526603603132007               0.5114976467637244
              0.7756920838117631               0.5164433367858112
              0.7583897950445044               0.4539254332186595
              1.0000000002480198               0.6793065173498498
              1.0000000001693008               0.7591183803462109
              0.9522574681776490               0.6419718453626206
              0.9183703458107936               0.6219515327160410
              0.9228356678161138               0.5829063192463387
              0.9759242728341411               0.5741775326231170
              0.9883568229376380               0.5791721101024101
              0.9262305768827459               0.6753480485946098
              0.8911144950053607               0.6415720071480524
              0.8597528832078960               0.5727970091012264
              0.7873276463519950               0.5597371378578107
              0.7126430820661238               1.0000000000933886
              1.0000000001050420               0.9585143347288712
              0.8017240769982972               0.8413457669506184
              0.7698739239783164               0.8172466602801715
              0.7669359581921285               0.8191745741792773
              0.8212299463062387               0.9001638011416628
              0.8151515556480220               0.8777001220384317
              0.7975461301959880               0.8698217551645866
              0.8015270885415458               0.8678302360920711
              0.7877924886774632               0.9205881427692789
              0.7856696792858654               0.9205995049322233
              0.7808665547388234               0.9707539879374263
              0.7812952823070726               1.0000000000918241
              0.8468675634196072               0.9120914475358437
              0.7185633987111814               0.8056623709371439
              0.7443095672366866               0.8199630638444327
              0.6929210889263943               0.8384071512948712
              0.7101763858176938               0.8587297502406702
              0.6636292445557557               0.9070471581892360
              0.6619373535982961               0.9438401536903510
              0.7127509800855988               0.9724031908994029
              0.7307795835330327               0.9525941667350352
              1.0000000000805238               0.9585143346975519
              0.9563025897287132               0.9511392080787758
              0.3138507379507596               0.5726731527691331
              0.3444808424736480               0.5332779897595130
              0.3168624048599494               0.5251650458088869
              0.2561300975136270               0.5313232131008256
              0.2860928298449294               0.5498815046649403
              0.2877146890108783               0.5566763372446095
              0.1717033570324777               0.6349815234772671
              0.1011464356453407               0.8041947931256205
              0.1726806340904920               0.7829058387485598
              0.2332106819941404               0.8226711589922516
              0.2895377296309044               0.8482566398360997
              0.0936075046970263               0.8827893456336904
              0.2288765873676287               0.8862979773089024
              0.2820392231015390               0.8516175760138217
              0.2609966948841553               0.8493140529827070
              0.2791678892421428               0.9231448933268429
             -0.0000000000052921               0.9288492097666782
              0.0043946053210705               0.8720896909691356
             -0.0000000000052921               0.8719982612993166
             -0.0000000000055546               0.8719982612990909
             -0.0000000000077478               0.7861515425711210
             -0.0000000000055546               0.7861515425731559
             -0.0000000000051429               0.9558214483784813
             -0.0000000000027906               0.9558214483817834
             -0.0000000000051429               0.9288492097669195
              0.0391629431800356               0.9721221159199311
              0.5060809117859120               0.5018989794753600
              0.5522873663707301               0.6166978447195226
              0.6025751030380651               0.6406468358814932
              0.5855300528739661               0.6667984634981483
              0.5529289211380275               0.6194223333912816
              0.5395567524178022               0.6588896473410460
              0.6303091667001200               0.7382781060554273
              0.6394038244223575               0.6949350535131812
              0.6800488397447382               0.7083409338538587
              0.6851494140035004               0.6099374072075867
              0.6504559926008127               0.6070178018248713
              0.6201167890064216               0.6362854270646315
              0.6429392544813042               0.6617190470763215
              0.5172916894397284               0.7360323175564070
              0.5288130604157568               0.6672577547583850
              0.5227876785962896               0.6699855237897793
              0.5248234383082698               0.6680037795285143
              0.5058499424070734               0.7905075706311125
              0.4860597211926951               0.8352328106364875
              0.5096681238762406               0.8677376519953399
              0.5694794368080592               0.8252916412047071
              0.5592793364812969               0.8020553216477624
              0.4446061653277604               0.5769159894428046
              0.4904436151519080               0.6212301316708357
              0.4599447208027408               0.6316110119977774
              0.4719806591098010               0.5607200530323320
              0.4877974416971868               0.5647170097471454
              0.3983419024203868               0.5784366110380129
              0.4417987873110129               0.5816622984516254
              0.6126240741929333               0.8611329262589507
              0.5650221644414171               0.8806919844030356
              0.5778018098109350               0.8316734208254621
              0.5838393040666320               0.8329469687153260
              0.5843061700616912               0.9042263583335686
              0.5780112656018662               0.9033648472216526
              0.4464683699077994               0.9612493328852376
              0.4293765165301399               0.8983825783828049
              0.4972151942827016               0.9223724385638297
              0.5013305390087102               0.9062791988722707
              0.5829001110224962               0.9700335722406734
              0.5767332991962004               1.0000000001358675
              0.6027874013356918               0.9484077677780566
              0.6486688766871299               0.9562007209085307
              0.6419268074037708               1.0000000000933886
              0.6419268073684813               1.0000000001358675
              0.5017777191760439               0.9527468621414031
              0.4609482795438855               1.0000000001241502
              0.5283105395226966               0.9717218610692937
              0.5384616323072214               1.0000000001241502
              0.3166061313492161               1.0000000001040159
              0.0439317115156323               0.5064607865831806
              0.0000000000000794               0.4275294451019001
              0.0174238947905071               0.4318326080349637
              0.0821245502873430               0.4296580751901891
              0.0496295296901159               0.4142098334796562
              0.0964542689600769               0.3932176762500820
              0.0697945180352251               0.3644978782743981
             -0.0000000000046529               0.3886380427277195
             -0.0000000000046528               0.4275294450985622
             -0.0000000000027282               0.3886380427256881
              0.0462411061262446               0.3724351370118130
              0.0432445737857570               0.3767367325783645
             -0.0000000000027282               0.3313779747010411
              0.2037086521474148               0.0801443495676113
              0.2634346596176746               0.0761682709137205
              0.1344656748344887               0.2526944599517078
              0.1894031895188940               0.2051635261250589
              0.2484221273872553               0.1785372536109512
              0.2054741779129746               0.2532447662792495
              0.2669089188513346               0.3887952820099601
              0.2554485859000324               0.4121021250080629
              0.3003141217671600               0.3917285240622617
              0.3112442474430454               0.4080576878786557
              0.2678962907762089               0.4370970546752844
              0.2988139323721213               0.4455223963712801
              0.1495152568082049               0.7297863204085653
              0.1228042109598396               0.7291137689525130
              0.1545517105143522               0.7686828167179254
              0.1075826029449450               0.7570687515186868
              0.1157329015167734               0.7708587110152125
              0.3516263334134685               0.4402552824056038
              0.3387659230648635               0.4069474518388254
              0.8718291813141963               0.1492405304489541
              0.5766419556388998              -0.0000000000039830
              0.6321195383943735               0.0574163726901711
              0.5623469838701831               0.0508560872731409
              0.5766419556363731               0.0000000000000537
              0.5812437211773035               0.2576637260035235
              0.4292893186317894               0.1942952062360787
              0.5285058496683048               0.1919369047428340
              0.5047697323805680               0.2505180520366354
              0.4910612939311561               0.2546301470569727
              0.3305616639523301               0.0633521327953812
              0.3071142000802153               0.1329320301098705
              0.2813906532533862               0.1057396976775958
              0.2813877144348936               0.1068759824454044
              0.5102213989261449               0.1267897528079484
              0.5762310594810591               0.1204723104920257
              0.4380904149372618               0.1297562338826491
              0.4068311279302591               0.0911903625641600
              0.6125859749542093               0.4397752896930325
              0.6152674233687957               0.4380549025631857
              0.6256955934266187               0.3542318550836286
              0.6315739087364197               0.3605228355916726
              0.4845485426330646               0.4986691454714673
              0.4303429945883082               0.5158061280601460
              0.4569746418813251               0.5244216877073218
              0.8629399356044910               0.0685685708535158
              0.0164347568481101               0.5414098277323073
              0.0000000000000751               0.5474456515032251
              0.0307165858415751               0.5099087349096373
              0.0004652057640934               0.4881317513141357
              0.0000000000000794               0.4881254537187786
              0.3983058303736502               0.0353226607180925
              0.4018981490041785              -0.0000000000031510
              0.4018981490049029              -0.0000000000039725
              0.4556691848660052               0.0522459237482769
              0.4428914557281093               0.0546049155282316
              0.0154716255474720              -0.0000000000036978
              0.0154716255536868               0.0000000000000235
              0.0538729847143674               0.0330341753741488
              0.0538757675244278               0.0330585389107174
              0.0625707781986579               0.0000000000000912
              0.3014884442056939               0.1710281404861766
              0.2634650860721037               0.1899496519118123
              0.1816537099804172               0.0000000000000650
              0.1685522360742883               0.0313145011076689
              0.0991157013642019               0.1334631461713038
              0.0726380855808450               0.1461837345914616
              0.0536284221139276               0.0968222645309577
              0.0463443793313404               0.1119032862021749
              0.6815230702584519               0.4932887607466152
              0.6665547915944626               0.5576329304417154
              0.7149526403165350               0.5523227154594195
              0.6897804046007985               0.5677193716338277
              1.0000000000923734               0.4961777435005555
              0.8370129435477139               0.3637795825008624
              0.8632855156900912               0.1700538332931069
              0.8778274343972120               0.1934250801668084
              1.0000000001396074              -0.0000000000068285
              0.9632580485736424              -0.0000000000068285
              0.8722177363935654               0.4033961634337554
              0.8635210927203489               0.4015604203581528
              0.7912646963009251               0.3968153307314825
              0.8331889889694974               0.3629944868327804
              0.7496473531889730               0.4631847376715927
              0.7486427494547119               0.5045777006655201
              0.6836729498205892               0.4568305622336756
              0.6836752364019476               0.4884524832966567
              1.0000000000566689               0.6793065175950439
              1.0000000000566689               0.7591183801887076
              0.9251262556356321               0.6849464320288099
              0.9668587551563427               0.7059764744204701
              0.9561964163451474               0.7311032673335931
              0.9581588809246085               0.7299546671570580
              0.9053785576990381               0.7596587110609617
              0.9159050019505347               0.7188943054609851
              0.9071360058703950               0.7034565467874486
              0.8703015353231880               0.7576155909096127
              0.8805813858708539               0.7643126626802530
              0.7812493571383704               0.6881956782196925
              0.7794585110209937               0.7291633118870974
              0.8131721719993257               0.7336921459302059
              0.8897850292689516               0.6417359317872497
              0.8544956641513274               0.5876487962998039
              0.8374266149408744               0.6001784246002776
              0.8828476140172534               0.6390903332865443
              0.7794532538951476               0.5985031956654302
              0.7814967284193728               0.6267279113847124
              0.7542268959044351               0.5854558777574876
              0.7708032052723468               0.5870840045984119
              0.7411671433629220               0.6653338032376223
              0.7327949028169322               0.6656869653053901
              0.7122589879412931               0.6547513637827975
              0.7044270601027225               0.6377420151710274
              0.7048661503293902               0.6440478253047615
              0.8228379149319501               1.0000000000960212
              0.7812952823098263               1.0000000000960212
              1.0000000000517173               1.0000000000705072
              1.0000000000517173               0.9676381434382734
              1.0000000001050420               0.9676381433350401
              0.7798572457518483               0.9045056805931032
              0.7812243738989597               0.9162415297840644
              0.7301196657028985               0.9163560145832570
              0.8972994432338101               0.9298938632484295
              0.8828067595821429               0.9339016041896271
              0.9188812656960900               0.9696598299975101
              0.8895601973270648               1.0000000001886851
              0.9095790910700727               1.0000000001026914
              0.9095790909807379               1.0000000001886851
              0.8371406917611049               0.9105775596994277
              0.8463949743031975               0.9122103238068976
              0.8140570017157349               0.9408231930098725
              0.8186907167875478               0.9578980765552370
              1.0000000001150866               0.9161235071097811
              1.0000000000805238               0.9161235071407270
              1.0000000001150868               0.8627077238632138
              0.9304006440245796               0.8952851776750459
              0.9557793414511111               0.9231192993558616
              0.2418524646093789               0.5375236561219716
              0.2450656646007345               0.5374960008401515
              0.2116589066273841               0.5560937171150250
              0.2063809243065318               0.5713129600762985
              0.2182662295630878               0.6000147708813317
              0.2972277686876601               0.6757851337703233
              0.2667353128796129               0.7053202094039381
              0.2258943085549003               0.6912952736525089
              0.2244011702635547               0.6762728011608702
              0.1834087544833096               0.8314469913230136
              0.1718924872380538               0.8221039366523890
              0.1354515614018528               0.8315744055464880
              0.1097836645570822               0.8809290925983519
              0.1907132611880435               0.8828673651495561
              0.2249177568062909               0.7603324127398529
              0.2425952080590912               0.7924476139102242
              0.3398371232700536               0.8030015271534299
              0.2978485826402719               0.8272902966778088
              0.0836672184237426               1.0000000000779345
              0.2717406811734604               0.9363774410696668
              0.2707380747354421               0.9318792858327137
              0.2545906681121722               0.9266076044576030
              0.2445104755964878               1.0000000002001019
              0.2445104757266489               1.0000000001040159
              0.5782565869060856               0.5917366205065023
              0.6159111923026154               0.5754163713945045
              0.6008472232820055               0.5943495036917950
              0.5851842865125442               0.5464790857686825
              0.5600910249962723               0.5494209062144223
              0.5587261125060436               0.5488227113035387
              0.5639521843258459               0.5014470047704620
              0.5108599538033468               0.5007292273768387
              0.6759991274945080               0.7660437023664703
              0.6855143917273785               0.7787363934923042
              0.6810790678439881               0.7353820712479071
              0.6871763247038707               0.7268381702494177
              0.5731478851830661               0.7628560939679636
              0.5450395432601212               0.7337898267631111
              0.5971441855532473               0.7319064169617279
              0.5851980538788979               0.7037593898131698
              0.5631136077720393               0.7083245590920473
              0.4489872676549193               0.6267438742527973
              0.4407096372754479               0.6069556926876505
              0.4189483714782616               0.6447706967196568
              0.3801746295475141               0.6214931682651939
              0.3765198187282103               0.6130849629863434
              0.3849271601016022               0.6058868763031842
              0.4609482792370837               1.0000000002309206
              0.4397586232591990               1.0000000002840790
              0.4397586233483720               1.0000000002309206
              0.0472685058275710               0.4860161114928730
              0.0867296948996199               0.4719611556815994
              0.0845118195292276               0.4471217596664246
              0.0343309992413693               0.4561177244053359
              0.0318563097214822               0.4707707239471755
             -0.0000000000057183               0.2593710302795040
             -0.0000000000057183               0.2122700105831743
              0.0191674913114635               0.2670293349496360
              0.0000000000000592               0.2593710302837148
              0.0363372601133205               0.3128464932041681
              0.0176037514030720               0.3296185544123800
              0.0000000000000592               0.3313779746998850
              0.2405789977102037               0.1578980584583081
              0.2553444633491254               0.1242426778744273
              0.1994748216043403               0.1461805854335151
              0.1923198319029653               0.1147540402297787
              0.2014203374524801               0.1012089930560632
              0.1103885277963874               0.2917951434659580
              0.1256268146748412               0.2860992108980095
              0.1444937259757006               0.2997921826379619
              0.1019186650534551               0.3368258179008575
              0.1564448281020561               0.3314241404259557
              0.1520695228550386               0.3533143404263200
              0.1430474848686530               0.3600718497458113
              0.3820434050255153               0.4781141442480579
              0.3582806269003930               0.4410404416998935
              0.8945769571272709               0.0711372447683326
              0.9065335458640295               0.1407471025755114
              0.9143224452530114               0.0959516564182347
              0.8965285450424711               0.1168723997786279
              0.8493107531746127               0.0407706625625038
              0.8945475008810133              -0.0000000000029186
              0.7858388198903726              -0.0000000000055035
              0.6545907233401599               0.1271189788395872
              0.6557914667387491               0.1140872836905887
              0.7247682372464886               0.0661416845939078
              0.6426137672077044               0.0399305950418572
              0.6441857059113349              -0.0000000000039830
              0.7210359685893362               0.0583497103440902
              0.6334803858590169               0.2134822091662012
              0.6034238451030498               0.2557012355181938
              0.6412214780837743               0.2894847786674010
              0.6640302984913862               0.2828712358562002
              0.6085234898882986               0.1521778820564256
              0.6077822110183393               0.1634745031142166
              0.5848363348169979               0.1362136157276205
              0.5434946402825159               0.1594763343379395
              0.5300149589326553               0.1913980716061949
              0.5658071748845372               0.2021622272048567
              0.4282923042407735               0.2404016755824792
              0.3573940569870916               0.2550290737926023
              0.3766021573663523               0.2661760160233880
              0.3995129508154686               0.1774045062829031
              0.3918554258071636               0.1471690307407136
              0.3515316692880555               0.1832539450601871
              0.3724292093806821               0.1947802260916615
              0.4430584194538065               0.1311382471320523
              0.4485587683617420               0.1266057933825622
              0.4550130984571215               0.1779634263943869
              0.4608283313654932               0.1802795301326957
              0.5081889657705106               0.1284536567665103
              0.4958754524592615               0.1725078052642411
              0.3799645210253605               0.0951520901477856
              0.3536218852396707               0.0930807875661736
              0.3317158999627181               0.1288974179498218
              0.3815498500192320               0.1428689367709743
              0.3614319031365536               0.1492221367513134
              0.5211123057369056               0.1120007555095638
              0.5144065538770538               0.1182512292015941
              0.5227910074259475               0.0771283509850443
              0.4665789724840198               0.0765322065338599
              0.4665197816944166               0.0829914672193416
              0.6811463658123941               0.3839932433574675
              0.6540666595092233               0.3634752606611351
              0.7005939861362649               0.3233049832325369
              0.5589564520989228               0.3427706996878256
              0.5594311812147820               0.3435240398466342
              1.0000000001328624               0.2662219786119367
              1.0000000002134333               0.2662219785451688
              0.9575343272326652               0.2744096098314130
              0.4671561619020354               0.0307754928048882
              0.5350944943985155               0.0567462592764560
              0.5452393411399180               0.0511720833237904
              0.5192322833452089               0.0000000000000537
              0.4682500490101201              -0.0000000000039725
              0.0767200204273128               0.0429868030141884
              0.0955674286241728               0.0870530666315540
              0.0908949015614068               0.0851999397379305
              0.1299674512309672               0.0788736913547103
              0.1303623053426831               0.0782501953014648
              0.3405821588746671               0.1877215492412202
              0.3230222904736494               0.1870561861937110
              0.3513885175622706               0.2553507567081515
              0.2645465949911124               0.2185438331682700
              0.2252237726456301               0.2903860846860462
              0.3068412790726685               0.2481899630941209
              0.2137010983834569               0.2686603185522914
              0.2122687705912852               0.2602720532736420
              0.3091966254151290               0.2864582893474374
              0.3179954145892676               0.2665228275955539
              0.6562171247666629               0.5344832674744255
              0.6631945965127060               0.5067796173119884
              0.6263428938443337               0.5400936210016314
              0.6085720727041096               0.5235906834388581
              0.6090300055278398               0.4969628822914851
              0.6094221402400417               0.4964868958764700
              0.9432186961706265               0.5026350096058828
              0.9107172028179428               0.5120042357497455
              0.8872746771858082               0.4487416112432186
              0.9299734182087963               0.4197917895628563
              1.0000000001328624               0.3422263506632431
              1.0000000000836042               0.3422263506972879
              0.8699491987149025               0.3336292907827669
              0.8707033199013438               0.3179568057758820
              0.8847042896760337               0.3006147929883011
              0.9313083118400335               0.3252278824929315
              0.8948858485611590               0.3566959538457207
              0.8624947368419750               0.2593891849360105
              0.8237777838349090               0.2164628555047036
              0.8423564689059575               0.2211665472671793
              0.7828503857755564               0.4560378007626681
              0.8017378909386815               0.4124283189463102
              0.8303022081945076               0.4247141725676468
              0.8403260684290282               0.5108729762396026
              0.8724708020152500               0.4798739087179701
              0.8720747889953584               0.4770937600096193
              0.8316754600604769               0.4534242559892701
              0.8018369302487942               0.4890680905885950
              0.8015977102544040               0.4713745941849251
              0.8963934235794817               0.7025083039923659
              0.8824655605279073               0.6917312722445249
              0.8671424298775959               0.7480708866301216
              0.8440153468040296               0.6579136972523626
              0.7938853293668269               0.6822442604748554
              0.8060029997308567               0.6458898375994543
              0.8260951250244977               0.6428216437837639
              0.7034009640367741               0.8942532066791715
              0.7293277727793858               0.9149134895877925
              0.7118093310236893               0.8637350694335637
              0.7590302481473712               0.8821064652885358
              0.7602160693489735               0.8701203789673372
              0.7543777369590278               0.8625341083170514
              0.8685351181399317               0.9571748924654435
              0.8674872075650759               1.0000000001114218
              0.8895601971797268               1.0000000001114218
              0.8334843174283189               0.9649080701276539
              0.8385265460048903               0.9614448705632257
              0.2388665876341394               0.6051611706953873
              0.2756320226878768               0.5784046513536598
              0.2541135967279821               0.5836344516011102
              0.2787738471307574               0.7337748743511463
              0.2745626914788004               0.7401132665799959
              0.3206395173760406               0.7705260324698083
              0.2797865072129787               0.7866084658458288
              0.2799612641234908               0.7867091614605517
              0.3226476507113648               0.7379394136737794
              0.3240718378028200               0.7398958367365975
              0.0835393351852988               0.9745676020952504
              0.1038771003412314               0.9549953272520642
              0.0520976133359437               0.9612599626039819
              0.0538149516026399               0.9300943839925394
              0.0720094542616734               0.9150111105094290
              0.0657131382265937               0.9175441697302278
              0.1319634984558920               0.9550900534558068
              0.1752097181396924               0.9044248262303384
              0.1475691551228871               0.9104041345385360
              0.2041746958436773               0.9454614492653061
              0.0836672184245322               1.0000000000790930
              0.5350198891668539               0.5436332500934841
              0.5584687553258260               0.5488797618382480
              0.4916871029326710               0.5673308136384573
              0.5295661207903237               0.5997854310287062
              0.5047295383198637               0.5973446736715161
              0.7316833959772258               0.7173353454139874
              0.6973926346264470               0.7287352834992237
              0.7558437806182636               0.7394533650984556
              0.7368174709691341               0.7638305344226797
              0.7165450293727139               0.7579347860897514
              0.4591569495355714               0.4589009360212304
              0.4335493893325816               0.4584125781342351
              0.8826866198177041               0.0961872298408057
              0.8905077680126973               0.1144553227678782
              0.8506654319374253               0.0945518530835613
              0.8495866867795662               0.0956017482066300
              0.7858388198918780              -0.0000000000037664
              0.8481350686563098               0.0401384967544384
              0.8438551652346435              -0.0000000000029186
              0.8438551652339308              -0.0000000000037664
              0.8249866914929748               0.1371970018944483
              0.8138253008191082               0.1777652038149136
              0.8260398193603868               0.1640871810730939
              0.6441857059116719              -0.0000000000045757
              0.7256329137968075              -0.0000000000055035
              0.7256329137960134              -0.0000000000045757
              0.6673260944379702               0.1360870157073331
              0.7865989576831746               0.3952697091609544
              0.4228252963293492               0.2121996016778407
              0.4230344135539689               0.2229781439528220
              0.3768345166383414               0.2087447921131000
              0.3704556055328369               0.2338972402728844
              0.5404536530138039               0.4787677640274127
              0.5322584166180954               0.4790850168408513
              0.9416680955658177               0.2651914054171646
              0.8859502916313295               0.2787170460368405
              0.8748850042766336               0.2639977177959904
              0.9137713356930742               0.2011813687073984
              0.9194998179041665               0.1998491407420882
              0.9227612771701433               0.1509287858416602
              0.9215987932930896               0.1977668325447357
              0.9562145457814303               0.1235756292020307
              1.0000000002134333               0.1966814701094913
              1.0000000002181646               0.1966814701035164
              1.0000000002181646               0.1330263513048509
              1.0000000001396074               0.0538605095634681
              0.4682500490104209              -0.0000000000044907
              0.5192322833405493              -0.0000000000044907
              0.1047187475535814               0.0255560656058072
              0.1067091678733010               0.0000000000000912
              0.1067091678756813              -0.0000000000031901
              0.1394277129088380              -0.0000000000031901
              0.1394277129121950               0.0000000000000650
              0.1481087981886697               0.0311340872819153
              0.1308088858018142               0.0464333737467928
              1.0000000000822851               0.4961777434946742
              0.9498514138620587               0.4944890738229394
              0.9519654002841921               0.3642670399263155
              0.9527934732208877               0.3717869206306262
              0.9225305307688124               0.4057545610685547
              0.8912215065524948               0.3916666889908223
              0.8980991468586452               0.3725724116709329
              0.7801637043405921               0.3389477356250238
              0.8104648925190070               0.3356888651311245
              0.8229279564065665               0.3045577135027835
              0.8156827252376387               0.2835333261161370
              0.9632580485664433               0.0000000000000637
              0.9615100736193565               0.0028684692230617
              0.8945475008825906               0.0000000000000637
              0.8982294624885291               0.0292572481288613
              0.9512279715967898               0.0647495979423127
              0.9503613303974917               0.0620084393548320
              0.9122666976237154               0.0797583444774082
              0.8974700497936184               0.0700243486953469
              0.9015313671700952               0.0328036130776809
              0.9129172388817290               0.0334565281097266
              0.8522520224713501               0.6924812809119529
              0.8435519848860915               0.6869516776111853
              0.8284956568571900               0.6932814798718684
              0.8164390622599277               0.7316806470525622
              0.8568549075815329               0.7379457669602394
              0.8228379149762065               1.0000000000365254
              0.8674872074105011               1.0000000000365254
              0.8336511361638846               0.9676146909646725
              0.2545955197027756               0.6376630045068770
              0.2516482742043112               0.6235597115771732
              0.2895497330846959               0.6522736149049037
              0.2966264661555622               0.6007550524726524
              0.3277502599855627               0.6128948235604145
              0.3190275160710561               0.6044828291102130
              0.1387391803300721               1.0000000000790930
              0.2155421963501587               1.0000000002001017
              0.4209939671392249               0.4577624038061169
              0.4332692999596905               0.4582169109025549
              0.8361984868402996               0.1298484517953151
              0.8495884753800762               0.0956203685982774
              0.8647105548434101               0.1359355559305393
              0.8714693534214856               0.1192504659172665
              0.7945175461012040               0.1156185028119843
              0.8151044330048843               0.0831164988801575
              0.7390184309092759               0.0765286996859146
              0.7934014787424124               0.0465689178971085
              0.8086586397699334               0.0555625876105845
              0.6646695576127679               0.2150532012021834
              0.6799594119530163               0.1908665234640290
              0.7249649919221318               0.2128836968108141
              0.7063882274353134               0.2490321318290714
              0.6926381446511581               0.2717860518213902
              0.6670951266819558               0.2793523101067423
              0.6695964813616816               0.2215348516343159
              0.6989308889962258               0.2321636142287037
              0.7117482141398932               0.1394180665634043
              0.7407211421615683               0.0822045837534330
              0.7773835237844268               0.1190693980163724
              0.7206044107013388               0.3732623692868995
              0.7743086969041314               0.3973562123405685
              0.7487136761062906               0.4165439309689719
              0.7383709858466047               0.4135802196795804
              0.6102887641124715               0.4395394607635681
              0.5468717298349614               0.4716296954542840
              0.5521815009771398               0.4067191350732164
              0.4831307704693106               0.3954447744819390
              0.5454643121737699               0.3806118767121868
              0.5518021059853814               0.4062951906631997
              0.4889824950301371               0.4364895956769162
              0.5069247030363452               0.4432171235573724
              0.9661495449193950               0.1203747252395694
              1.0000000000650158               0.1330263511990120
              0.9572117958306454               0.0693674401209398
              1.0000000000650158               0.0538605096376260
              0.9496747608808100               0.4912695990480238
              0.9296741354257942               0.4362017077334888
              0.9253433826804641               0.4436506333915480
              1.0000000001137856               0.4383420800923338
              1.0000000000822851               0.4383420801169254
              0.9698330191858996               0.4355319558027470
              0.9776626440307261               0.4411436706732355
              0.9672503819286763               0.3942704754011463
              0.9617819924014929               0.4069301762084907
              1.0000000000836042               0.3993121083025547
              1.0000000001137859               0.3993121083329418
              0.7382207224173116               0.2564528743030798
              0.7514161644576408               0.2400131156535955
              0.7993085426127219               0.2739890808224972
              0.7748430487340283               0.2345402550930432
              0.7905527874902217               0.2416758295261454
              0.7675147536947362               0.3329003450653829
              0.7051546373165108               0.3231916426979240
              0.7629649160857428               0.3011160029208262
              0.7345547660011612               0.3533128582578650
              0.7363829830691490               0.3530669288101359
              0.7277217068491950               0.2921725025641129
              0.7371739946916713               0.2880680952171237
              0.1406297279606232               0.9701971196970685
              0.1387391803387686               1.0000000000579994
              0.2002437319098626               0.9662282159276269
              0.2155421962332400               1.0000000000579994
              0.3776606439431205               0.4279194993231250
              0.3877475464854263               0.4262138064725592
              0.3560729298769385               0.3835976134897702
              0.7194596883892086               0.1474707940838273
              0.7247636442730241               0.1925575004279603
              0.7199115732513843               0.1880247688805103
              0.7667168935929487               0.1488490410124584
              0.7667144101078535               0.1848429827655127
              0.7747716683941552               0.1725579151673285
              0.3466473437823456               0.3445201883990460
              0.3583856187503660               0.3770257850277193
              0.4070638465781806               0.3174137770397856
              0.4039934482471057               0.3917918529589383
              0.4338939013458371               0.3815723947508473
              0.4104039615738738               0.3181700226499776
              0.4678599624412180               0.2804740135354447
              0.4957368338038481               0.3255990484511054
              0.4632207315994902               0.3791954622037261
              0.4360454474304993               0.3790851314346846
400
293 294 292 517 514 291 
32 35 522 521 113 34 
278 508 695 697 304 
868 602 603 817 816 869 
435 429 430 432 431 434 
687 689 688 685 684 686 
437 433 79 81 78 77 
298 309 308 135 297 
848 850 851 849 
22 90 462 463 241 
627 628 409 411 412 410 
238 237 470 471 239 87 
667 235 459 666 
123 122 300 306 305 
388 328 67 66 386 
631 632 628 627 629 630 
97 96 165 166 99 98 
364 361 564 563 362 170 363 
747 403 404 748 
701 700 702 703 704 
854 862 864 853 852 
481 674 780 779 485 258 
753 832 833 636 754 
684 685 690 848 849 785 694 495 
333 52 51 12 141 331 
790 710 709 707 708 792 
214 215 75 227 448 447 73 
152 547 550 52 333 334 
59 365 567 568 380 603 602 
511 512 701 704 510 509 
866 867 868 869 870 
556 555 736 734 554 
153 151 544 547 152 
681 679 493 494 
170 362 561 560 570 572 375 
606 604 637 638 213 212 
703 702 8 6 5 44 
568 569 601 600 381 380 
344 345 402 620 624 346 
131 130 314 313 526 525 138 139 
505 504 502 503 501 
723 366 585 586 369 176 576 724 
617 581 582 725 726 577 619 
758 759 640 639 414 422 
234 86 22 241 469 468 233 
434 431 79 433 
384 382 278 304 303 
362 563 565 562 561 
187 188 342 341 68 
330 332 331 141 529 530 
479 477 478 676 674 481 480 
392 393 611 607 394 395 391 
779 781 482 483 484 485 
99 166 354 356 100 
313 315 323 324 524 526 
445 443 662 661 446 
833 832 834 835 828 829 831 830 
578 576 176 867 866 863 
181 180 178 179 182 
666 459 460 461 664 
64 65 54 164 165 96 
317 319 320 321 322 318 
280 114 289 290 117 116 281 
260 162 491 492 261 486 487 
169 861 862 854 359 350 349 
642 212 213 752 756 643 
867 176 369 368 59 602 868 
6 7 9 84 230 231 5 
507 631 630 504 505 506 
618 617 619 626 622 
339 338 334 333 331 332 
148 344 346 343 147 
599 809 812 177 
450 449 438 439 8 702 700 
381 600 599 177 207 379 
501 503 114 280 282 279 
800 856 859 839 837 
720 719 559 711 796 795 562 565 
478 255 256 257 675 676 
769 770 766 765 767 768 
811 810 722 421 648 647 216 
636 833 830 826 
215 654 650 74 75 
394 607 608 596 597 
242 243 245 244 
836 837 839 840 838 843 847 
378 379 207 425 426 409 628 632 
615 616 192 68 341 543 542 146 
159 142 169 349 347 
725 723 724 726 
425 423 424 426 
814 813 378 632 631 507 727 
530 529 528 527 531 
276 687 686 277 275 274 
357 355 260 487 488 259 
415 360 554 734 735 733 732 416 
156 94 477 479 
656 435 434 433 437 436 658 
807 795 796 797 794 793 808 
807 808 858 855 806 
60 61 182 179 62 65 64 63 
112 111 28 26 11 31 
757 758 422 421 722 
608 609 363 170 375 594 596 
442 226 17 16 221 220 225 441 444 
390 389 388 386 387 
593 592 580 579 582 581 
100 356 357 259 105 106 
846 847 843 841 845 844 842 
385 553 707 709 
475 474 472 473 476 
483 482 33 682 677 
340 538 537 338 339 337 
329 330 530 531 389 390 
196 145 148 147 48 193 
486 261 266 264 490 
270 269 689 687 276 268 
464 88 21 20 83 466 
42 44 5 231 232 243 242 
29 120 295 296 40 
610 364 363 609 
409 426 424 214 73 411 
533 204 203 149 150 534 535 532 
397 400 398 
809 844 845 810 811 812 
370 590 591 371 373 372 
180 49 95 94 156 155 178 
94 95 93 92 91 255 478 477 
307 129 124 125 311 
648 649 653 655 647 
504 630 629 71 502 
36 37 123 305 523 522 35 
137 312 311 125 319 317 132 
197 408 406 194 202 205 
611 741 742 610 609 608 607 
206 205 202 203 204 
102 103 41 130 131 46 45 
496 47 140 327 500 
840 645 646 644 760 838 
692 691 693 850 848 690 
438 660 773 774 440 439 
233 468 470 237 
805 800 837 836 801 
221 222 223 219 220 
447 448 445 446 449 450 451 453 452 
72 410 412 287 288 
309 310 307 311 312 308 
676 675 782 780 674 
183 387 386 66 60 63 14 
488 487 486 490 691 692 489 
865 870 869 816 819 705 706 788 
403 191 69 186 187 68 192 404 
350 359 358 168 56 352 
155 156 479 480 154 
773 772 771 775 774 
443 442 444 659 662 
625 626 619 577 578 863 861 169 142 
150 149 48 147 343 545 544 151 
520 518 302 110 27 28 111 
763 761 762 770 769 764 
583 584 587 588 586 585 
166 165 164 163 353 354 
306 300 303 304 697 699 301 302 518 519 
733 735 737 605 604 606 729 
820 818 815 814 727 728 
649 420 419 635 652 653 
491 678 680 492 
277 686 684 495 108 
516 116 117 285 284 115 515 
494 493 101 103 102 262 
542 543 540 539 541 
582 579 366 723 725 
115 284 511 509 38 
335 337 339 332 330 329 336 
816 817 818 820 819 
389 531 527 328 388 
273 106 105 104 269 270 271 
27 110 293 291 118 
564 718 720 565 563 
705 819 820 728 508 278 382 
243 232 668 665 245 
90 89 475 476 251 88 464 462 
78 81 80 18 19 474 475 89 
125 124 246 247 320 319 
734 736 821 822 739 738 737 735 
586 588 367 368 369 
815 813 814 
348 347 349 350 352 351 
760 644 731 730 641 640 759 
598 597 596 594 595 
726 724 576 578 577 
285 286 512 511 284 
98 99 100 106 273 272 10 25 
598 595 374 587 584 
422 414 420 649 648 421 
778 672 673 669 671 670 777 
235 236 234 233 237 238 460 459 
248 249 87 239 240 82 
57 158 157 53 50 
794 710 790 789 715 793 
469 241 463 669 673 
144 160 158 57 58 
571 570 560 721 799 798 566 
651 652 635 827 825 751 633 634 
590 589 592 593 591 
537 536 153 152 334 338 
40 296 297 135 136 316 314 130 41 
799 857 856 800 805 804 798 
762 766 770 
158 160 159 347 348 157 
186 189 190 188 187 
143 621 625 142 159 160 144 
548 143 144 58 549 
184 391 395 377 185 
688 263 489 692 690 685 
65 62 13 55 54 
771 657 656 658 775 
33 34 113 112 31 683 682 
557 764 769 768 553 385 
679 683 31 11 30 101 493 
239 471 672 778 776 454 455 240 
730 729 606 212 642 641 
70 399 612 614 407 198 
412 411 73 447 452 287 
476 473 250 251 
46 131 139 140 47 
377 395 394 597 598 584 583 376 
640 641 642 643 639 
706 705 382 384 383 
269 104 263 688 689 
351 352 56 23 91 92 
314 316 315 313 
174 392 391 184 172 
188 190 173 370 372 342 
573 572 570 571 575 574 
407 614 613 405 406 408 
371 591 593 581 617 618 401 
752 213 638 834 832 753 
168 358 552 551 167 
28 27 118 121 26 
295 299 298 297 296 
715 789 791 360 415 717 
323 325 326 324 
224 76 210 211 217 427 430 429 
634 633 222 221 16 
246 663 664 461 249 248 247 
12 51 50 53 93 95 49 
14 63 64 96 97 24 1 
419 755 754 636 826 827 635 
302 301 294 293 110 
541 539 345 344 148 145 
691 490 264 498 693 
845 841 757 722 810 
101 30 29 40 41 103 
232 231 230 236 235 667 668 
264 266 265 267 497 498 
227 226 442 443 445 448 
26 121 120 29 30 11 
612 743 749 616 615 613 614 
797 712 557 385 709 710 794 
696 506 505 501 279 698 
414 639 643 756 755 419 420 
623 621 143 548 546 
732 733 729 730 731 
566 798 804 803 569 568 567 
406 405 195 196 193 194 
146 542 541 145 196 195 
122 383 384 303 300 
508 728 727 507 506 696 695 
8 439 440 7 6 
540 373 371 401 402 345 539 
587 374 573 574 367 588 
341 342 372 373 540 543 
470 468 469 673 672 471 
713 558 763 764 557 712 
575 571 566 567 365 
223 208 209 210 76 219 
864 865 788 787 853 
669 463 462 464 466 467 465 671 
534 150 151 153 536 
265 262 102 45 267 
370 173 172 184 185 589 590 
105 259 488 489 263 104 
343 346 624 623 546 545 
179 178 155 154 13 62 
225 220 219 76 224 
665 668 667 666 664 663 
655 653 652 651 650 654 
721 806 855 857 799 
601 842 844 809 599 600 
827 826 830 831 825 
503 502 71 72 288 289 114 
13 154 480 481 258 55 
650 651 634 16 17 74 
804 805 801 802 803 
91 23 254 256 255 
704 703 44 42 43 510 
75 74 17 226 227 
161 484 483 677 678 491 162 
850 693 498 497 496 500 499 786 851 
492 680 681 494 262 265 266 261 
801 836 847 846 802 
778 777 776 
544 545 546 548 549 550 547 
43 42 242 244 127 128 
353 163 161 162 260 355 
451 450 700 701 512 286 
4 3 70 198 199 15 
441 225 224 429 435 656 657 
53 157 348 351 92 93 
121 118 291 514 513 119 299 295 120 
843 838 760 759 758 757 841 
86 85 77 78 89 90 22 
792 708 556 554 360 791 
515 115 38 39 119 513 
252 253 36 35 32 783 784 
67 61 60 66 
305 306 519 523 
354 353 355 357 356 
164 54 55 258 485 484 161 163 
230 84 85 86 234 236 
201 197 205 206 
527 528 181 182 61 67 328 
461 460 238 87 249 
402 401 618 622 620 
310 126 128 127 129 307 
529 141 12 49 180 181 528 
646 416 732 731 644 
553 768 767 555 556 708 707 
254 253 252 257 256 
551 787 788 706 383 122 123 37 167 
290 453 451 286 285 117 
744 745 746 747 748 749 743 
430 427 428 432 
675 257 252 784 782 
697 695 696 698 699 
275 277 108 109 107 
716 717 415 416 646 645 
861 863 866 870 865 864 862 
301 699 698 279 282 283 292 294 
613 615 146 195 405 
440 774 775 658 436 9 7 
9 436 437 77 85 84 
711 714 713 712 797 796 
299 119 39 126 310 309 298 
496 497 267 45 46 47 
831 829 750 751 825 
517 516 515 513 514 
569 803 802 846 842 601 
823 824 822 821 
135 308 312 137 136 
522 523 519 518 520 521 
2 396 397 398 399 70 3 
88 251 250 229 458 457 21 
282 280 281 283 
23 56 168 167 37 36 253 254 
855 858 860 859 856 857 
550 549 58 57 50 51 52 
782 784 783 781 779 780 
781 783 32 34 33 482 
129 127 244 245 665 663 246 124 
423 216 647 655 654 215 214 424 
629 627 410 72 71 
400 744 743 612 399 398 
320 247 248 82 228 321 
189 171 175 174 172 173 190 
859 860 716 645 840 839 
552 852 853 787 551 
624 620 622 626 625 621 623 
659 444 441 657 771 772 
633 751 750 413 208 223 222 
431 432 428 218 80 81 79 
562 795 807 806 721 560 561 
367 574 575 365 59 368 
325 132 317 318 133 134 326 
315 316 136 137 132 325 323 
521 520 111 112 113 
749 748 404 192 616 
790 792 791 789 
535 534 536 537 538 
292 283 281 116 516 517 
446 661 660 438 449 
202 194 193 48 149 203 
359 854 852 552 358 
39 38 509 510 43 128 126 
589 185 377 376 580 592 
817 603 380 381 379 378 813 815 818 
678 677 682 683 679 681 680 
177 812 811 216 423 425 207 
756 752 753 754 755 
762 761 418 417 740 824 823 765 766 
199 198 407 408 197 201 200 
767 765 823 821 736 555 
580 376 583 585 366 579 
288 287 452 453 290 289 
661 662 659 772 773 660 
374 595 594 375 572 573 
24 97 98 25 
457 456 20 21 
808 793 715 717 716 860 858 
145
1
2
3
4
10
14
15
18
19
20
24
25
69
80
82
83
107
108
109
133
134
138
139
140
171
174
175
183
186
189
191
199
200
201
204
206
208
209
210
211
217
218
228
229
240
250
268
270
271
272
273
274
275
276
318
321
322
324
326
327
329
335
336
337
340
361
364
387
389
390
392
393
396
397
400
403
413
417
418
427
428
454
455
456
457
458
465
466
467
472
473
474
495
499
500
524
525
526
532
533
535
538
558
559
564
604
605
610
611
637
638
670
671
694
711
713
714
718
719
720
737
738
739
740
741
742
744
745
746
747
750
761
763
776
777
785
786
822
824
828
829
834
835
849
851
